GIS/1km/rwa_sector.asc
ncols         228
nrows         199
xllcorner     706432.07875708
yllcorner     9685757.4539168
cellsize      1000
NODATA_value  -9999
[rows 120 to 159 of 199, columns 0 to 89 of 228]
-9999 -9999 -9999 -9999 -9999 -9999 -9999 -9999 -9999 -9999 -9999 -9999 -9999 -9999 -9999 -9999 -9999 -9999 -9999 -9999 -9999 -9999 -9999 -9999 -9999 -9999 -9999 -9999 -9999 -9999 -9999 -9999 -9999 -9999 -9999 -9999 -9999 -9999 -9999 -9999 -9999 -9999 -9999 -9999 139 139 139 -9999 141 139 141 141 141 141 141 148 148 148 140 140 140 140 140 140 140 140 140 146 146 146 146 146 138 138 138 143 143 143 143 143 143 143 143 108 108 108 110 110 110 110
-9999 -9999 -9999 -9999 -9999 -9999 -9999 -9999 -9999 -9999 -9999 -9999 -9999 -9999 -9999 -9999 -9999 -9999 -9999 -9999 -9999 -9999 -9999 -9999 -9999 -9999 -9999 -9999 -9999 -9999 -9999 -9999 -9999 -9999 -9999 -9999 -9999 -9999 -9999 -9999 -9999 -9999 -9999 -9999 -9999 139 -9999 139 139 139 139 141 141 141 148 148 148 148 140 140 140 140 140 140 140 140 146 146 146 146 146 138 138 138 138 143 143 143 142 142 142 142 142 108 108 108 108 110 110 110
-9999 -9999 -9999 -9999 -9999 -9999 -9999 -9999 -9999 -9999 -9999 -9999 -9999 -9999 -9999 -9999 -9999 -9999 -9999 -9999 -9999 -9999 -9999 -9999 -9999 -9999 -9999 -9999 -9999 -9999 -9999 -9999 -9999 -9999 -9999 -9999 -9999 -9999 -9999 -9999 -9999 -9999 -9999 -9999 -9999 -9999 139 139 139 139 139 139 141 148 148 148 148 148 140 140 140 140 140 140 140 140 146 146 140 146 138 138 138 138 138 142 143 142 142 142 142 142 108 108 108 108 108 110 110 110
-9999 -9999 -9999 -9999 -9999 -9999 -9999 -9999 -9999 -9999 -9999 -9999 -9999 -9999 -9999 -9999 -9999 -9999 -9999 -9999 -9999 -9999 -9999 -9999 -9999 -9999 -9999 -9999 -9999 -9999 -9999 -9999 -9999 -9999 -9999 -9999 -9999 -9999 -9999 -9999 -9999 -9999 -9999 221 221 -9999 139 139 139 139 139 139 148 148 148 148 148 148 140 140 140 140 140 140 140 140 140 140 140 138 138 138 147 138 138 142 142 142 142 142 142 142 142 108 108 108 108 108 108 108
-9999 -9999 -9999 -9999 -9999 -9999 -9999 -9999 -9999 -9999 -9999 -9999 -9999 -9999 -9999 -9999 -9999 -9999 -9999 -9999 -9999 -9999 -9999 -9999 -9999 -9999 -9999 -9999 -9999 -9999 -9999 -9999 -9999 -9999 -9999 -9999 -9999 -9999 -9999 -9999 -9999 221 221 221 221 221 -9999 139 139 139 139 139 148 148 148 148 148 148 148 148 148 148 148 140 140 140 140 140 140 138 147 147 147 138 138 142 142 142 142 142 142 142 142 108 108 108 108 108 108 108
-9999 -9999 -9999 -9999 -9999 -9999 -9999 -9999 -9999 -9999 -9999 -9999 -9999 -9999 -9999 -9999 -9999 -9999 -9999 -9999 -9999 -9999 -9999 -9999 -9999 -9999 -9999 -9999 -9999 -9999 -9999 -9999 -9999 -9999 -9999 -9999 -9999 -9999 -9999 221 221 221 221 221 221 221 221 139 139 139 139 148 148 148 148 148 148 148 148 148 148 148 148 148 148 140 140 138 138 138 147 138 138 138 138 142 142 142 142 142 142 142 142 142 108 108 108 108 108 108
-9999 -9999 -9999 -9999 -9999 -9999 -9999 -9999 -9999 -9999 -9999 -9999 -9999 -9999 -9999 -9999 -9999 -9999 -9999 -9999 -9999 -9999 -9999 -9999 -9999 -9999 -9999 -9999 -9999 -9999 -9999 -9999 -9999 -9999 -9999 -9999 -9999 -9999 221 221 221 221 221 221 221 221 221 -9999 139 139 139 139 148 148 148 148 148 148 148 148 148 148 148 148 144 144 144 138 138 147 147 147 138 138 138 142 142 142 142 142 142 142 142 106 108 108 108 108 108 108
-9999 -9999 -9999 -9999 -9999 -9999 -9999 -9999 -9999 -9999 -9999 -9999 -9999 -9999 -9999 -9999 -9999 -9999 -9999 -9999 -9999 -9999 -9999 -9999 -9999 -9999 -9999 -9999 -9999 -9999 -9999 -9999 -9999 -9999 -9999 -9999 -9999 -9999 -9999 221 221 221 221 221 221 221 228 228 139 139 139 149 149 149 148 148 148 148 148 148 148 148 148 144 144 144 147 138 138 147 147 147 147 138 138 138 142 142 142 142 142 142 106 106 106 106 108 108 108 108
-9999 -9999 -9999 -9999 -9999 -9999 -9999 -9999 -9999 -9999 -9999 -9999 -9999 -9999 -9999 -9999 -9999 -9999 -9999 -9999 -9999 -9999 -9999 -9999 -9999 -9999 -9999 -9999 -9999 -9999 -9999 -9999 -9999 -9999 -9999 -9999 -9999 -9999 -9999 -9999 221 221 221 221 221 221 228 228 228 149 149 149 149 149 148 148 149 148 148 148 149 149 149 144 144 147 147 138 138 147 147 147 147 147 138 138 138 98 142 142 106 106 106 106 106 106 106 108 108 108
-9999 -9999 -9999 -9999 -9999 -9999 -9999 -9999 -9999 -9999 -9999 -9999 -9999 -9999 -9999 -9999 -9999 -9999 -9999 -9999 -9999 -9999 -9999 -9999 -9999 -9999 -9999 -9999 -9999 -9999 -9999 -9999 -9999 -9999 -9999 -9999 -9999 -9999 221 221 221 221 221 221 221 228 228 228 228 228 228 149 149 149 149 149 149 149 149 149 149 149 144 144 144 147 147 147 147 147 147 147 147 147 147 138 98 98 98 106 106 106 106 106 106 106 106 106 108 108
-9999 -9999 -9999 -9999 -9999 -9999 -9999 -9999 -9999 -9999 -9999 -9999 -9999 -9999 -9999 -9999 -9999 -9999 -9999 -9999 -9999 -9999 -9999 -9999 -9999 -9999 -9999 -9999 -9999 -9999 -9999 -9999 -9999 -9999 -9999 -9999 -9999 -9999 221 221 221 221 221 221 228 228 228 228 228 228 228 149 149 149 149 149 149 149 149 149 149 149 144 144 144 147 147 147 147 147 147 147 147 147 147 98 98 98 98 106 106 106 106 106 106 106 106 106 106 108
-9999 -9999 -9999 -9999 -9999 -9999 -9999 -9999 -9999 -9999 -9999 -9999 -9999 -9999 -9999 -9999 -9999 -9999 -9999 -9999 -9999 -9999 -9999 -9999 -9999 -9999 -9999 -9999 -9999 -9999 -9999 -9999 -9999 -9999 -9999 226 -9999 226 221 221 221 221 221 221 228 228 228 228 228 228 149 149 149 149 149 149 149 149 149 149 149 149 144 144 147 147 147 147 147 147 147 147 147 147 97 97 98 98 98 98 106 106 106 106 106 106 106 106 106 104
-9999 -9999 -9999 -9999 -9999 -9999 -9999 -9999 -9999 -9999 -9999 -9999 -9999 -9999 -9999 -9999 -9999 -9999 -9999 -9999 -9999 -9999 -9999 -9999 -9999 -9999 -9999 -9999 -9999 -9999 -9999 -9999 -9999 -9999 -9999 -9999 -9999 226 226 226 226 226 221 221 228 228 228 228 228 228 228 149 149 149 149 149 149 149 149 149 144 144 144 144 144 147 147 147 147 147 147 147 97 97 97 97 98 98 98 98 106 106 106 106 106 106 106 106 106 106
-9999 -9999 -9999 -9999 -9999 -9999 -9999 -9999 -9999 -9999 -9999 -9999 -9999 -9999 -9999 -9999 -9999 -9999 -9999 -9999 -9999 -9999 -9999 -9999 -9999 -9999 -9999 -9999 -9999 -9999 -9999 -9999 -9999 -9999 -9999 -9999 226 226 226 226 226 226 226 226 228 228 228 228 228 228 228 149 149 149 149 149 149 149 149 144 144 144 144 144 144 144 144 144 147 147 147 97 97 97 97 97 97 98 98 98 98 106 106 106 106 106 106 106 106 104
-9999 -9999 -9999 -9999 -9999 -9999 -9999 -9999 -9999 -9999 -9999 -9999 -9999 -9999 -9999 -9999 -9999 -9999 -9999 -9999 -9999 -9999 -9999 -9999 -9999 -9999 -9999 -9999 -9999 -9999 -9999 -9999 -9999 -9999 -9999 -9999 -9999 226 -9999 226 226 226 226 226 226 226 228 228 228 228 228 149 149 149 149 149 149 149 144 144 144 144 144 144 144 144 144 144 144 97 97 97 97 97 97 97 98 98 98 98 98 98 38 38 38 106 106 38 106 38
-9999 -9999 -9999 -9999 -9999 -9999 -9999 -9999 -9999 -9999 -9999 -9999 -9999 -9999 -9999 -9999 -9999 -9999 -9999 -9999 -9999 -9999 -9999 -9999 -9999 -9999 -9999 -9999 -9999 -9999 -9999 -9999 -9999 -9999 227 227 227 226 226 226 226 226 226 226 226 226 226 228 228 228 228 149 149 149 149 149 149 144 144 144 144 144 144 144 144 144 144 144 144 97 97 97 97 97 97 97 98 98 98 98 98 98 98 38 38 38 38 38 38 38
-9999 -9999 -9999 -9999 -9999 -9999 -9999 -9999 -9999 -9999 -9999 -9999 -9999 -9999 -9999 -9999 -9999 -9999 -9999 -9999 -9999 -9999 -9999 -9999 -9999 -9999 -9999 -9999 -9999 -9999 -9999 -9999 -9999 227 227 227 227 226 226 226 226 226 226 226 226 226 226 228 228 228 228 149 149 149 149 149 149 144 144 144 144 144 101 101 101 100 100 100 97 97 97 97 97 97 97 97 97 98 98 98 98 98 98 38 38 38 38 38 38 38
-9999 -9999 -9999 -9999 -9999 -9999 -9999 -9999 -9999 -9999 -9999 -9999 -9999 -9999 -9999 -9999 -9999 -9999 -9999 -9999 -9999 -9999 -9999 -9999 -9999 -9999 -9999 -9999 -9999 -9999 -9999 227 227 227 227 227 227 227 227 226 226 226 226 224 224 224 228 228 224 228 149 149 149 149 149 149 144 144 144 144 101 101 101 101 100 100 100 100 97 97 97 97 97 97 97 97 97 98 98 98 98 98 98 98 38 38 38 38 38 38
-9999 -9999 -9999 -9999 -9999 -9999 -9999 -9999 -9999 -9999 -9999 -9999 -9999 -9999 -9999 -9999 -9999 -9999 -9999 -9999 -9999 -9999 -9999 -9999 -9999 -9999 -9999 -9999 -9999 -9999 -9999 -9999 -9999 -9999 223 227 227 227 227 227 227 227 227 224 224 224 224 224 224 224 224 149 149 149 101 101 101 101 101 101 101 101 101 101 100 100 100 100 97 97 97 97 97 97 97 97 97 91 98 98 98 98 98 98 38 38 38 38 38 38
-9999 -9999 -9999 -9999 -9999 -9999 -9999 -9999 -9999 -9999 -9999 -9999 -9999 -9999 -9999 -9999 -9999 -9999 229 229 229 -9999 -9999 -9999 -9999 -9999 -9999 -9999 -9999 222 -9999 223 223 223 223 227 227 227 227 227 227 227 227 224 224 224 224 224 224 224 224 149 149 101 101 101 101 101 101 101 101 101 101 100 100 100 100 100 97 97 97 97 97 97 97 97 91 91 91 98 98 98 98 98 44 38 38 38 38 38
-9999 -9999 -9999 -9999 -9999 -9999 -9999 -9999 -9999 -9999 -9999 -9999 -9999 -9999 -9999 -9999 -9999 -9999 229 229 229 229 -9999 -9999 -9999 -9999 -9999 -9999 222 -9999 -9999 223 223 223 223 227 227 227 227 227 224 227 227 224 224 224 224 224 224 224 224 224 149 101 101 101 101 101 101 101 101 101 101 100 100 100 100 100 91 91 97 97 97 97 97 91 91 91 91 98 98 98 98 44 44 44 38 38 38 38
-9999 -9999 -9999 -9999 -9999 -9999 -9999 -9999 -9999 -9999 -9999 -9999 -9999 -9999 -9999 -9999 -9999 -9999 229 229 229 229 -9999 -9999 -9999 -9999 -9999 -9999 222 -9999 -9999 223 223 223 223 227 227 227 227 227 224 224 224 224 224 224 224 224 224 224 224 224 101 101 101 101 101 101 101 101 101 101 101 100 100 100 100 100 91 91 91 91 97 97 97 91 91 91 91 91 91 98 44 44 44 44 44 38 38 38
-9999 -9999 -9999 -9999 -9999 -9999 -9999 -9999 -9999 -9999 -9999 -9999 -9999 -9999 -9999 -9999 -9999 229 229 229 229 229 -9999 -9999 -9999 -9999 222 -9999 222 -9999 223 223 223 223 223 227 227 227 227 224 224 224 224 224 224 224 224 224 224 224 224 224 101 101 101 101 101 101 101 101 101 101 101 100 100 100 100 100 91 91 91 91 97 97 91 91 91 91 91 91 91 98 44 44 44 44 44 38 38 45
-9999 -9999 -9999 -9999 -9999 -9999 -9999 -9999 -9999 -9999 -9999 -9999 -9999 -9999 -9999 -9999 -9999 -9999 229 229 229 -9999 -9999 222 222 222 222 222 222 -9999 223 223 223 223 223 223 223 227 227 224 224 224 224 224 224 224 224 224 224 224 224 224 101 101 101 101 101 101 101 101 101 101 101 90 100 100 100 100 91 91 91 91 91 91 91 91 91 91 91 91 96 44 44 44 44 44 44 44 44 45
-9999 -9999 -9999 -9999 -9999 -9999 -9999 -9999 -9999 -9999 -9999 -9999 -9999 -9999 -9999 -9999 -9999 229 229 229 229 -9999 -9999 -9999 -9999 222 222 222 222 222 222 222 223 223 223 223 223 223 227 227 227 224 224 224 224 224 224 224 224 224 224 224 224 224 101 101 90 101 101 101 101 90 90 90 100 100 99 99 91 91 91 91 91 91 91 91 91 91 91 96 96 44 44 44 44 44 44 44 44 44
-9999 -9999 -9999 -9999 -9999 -9999 -9999 -9999 -9999 -9999 -9999 -9999 -9999 -9999 -9999 -9999 -9999 229 229 229 229 -9999 -9999 -9999 -9999 222 222 222 222 222 222 222 223 223 223 223 223 223 223 223 223 224 224 224 220 224 220 224 220 220 220 220 224 224 90 101 90 101 90 90 101 90 90 90 99 99 99 99 99 91 91 91 91 91 91 91 91 91 91 96 96 96 44 44 44 44 44 44 44 44
-9999 -9999 -9999 -9999 -9999 -9999 -9999 -9999 -9999 -9999 -9999 -9999 -9999 -9999 -9999 -9999 229 229 229 232 232 232 -9999 -9999 -9999 222 222 222 222 222 222 222 230 223 223 223 223 223 220 223 220 220 220 220 220 220 220 220 220 220 220 220 220 220 90 90 90 90 90 90 90 90 90 90 90 99 99 99 99 91 91 91 91 91 94 94 91 91 96 96 96 96 44 44 96 44 44 44 44 44
-9999 -9999 -9999 -9999 -9999 -9999 212 212 212 -9999 -9999 -9999 -9999 -9999 -9999 -9999 232 229 232 232 232 232 -9999 218 -9999 222 222 222 222 222 222 222 230 230 223 223 223 220 220 220 220 220 220 220 220 220 220 220 220 220 220 220 220 90 90 90 90 90 90 90 90 90 90 90 90 99 99 99 99 91 91 91 94 94 94 94 94 91 94 96 96 96 96 96 96 96 44 44 44 44
-9999 -9999 -9999 -9999 -9999 -9999 212 -9999 212 -9999 -9999 -9999 -9999 -9999 219 232 232 232 232 232 232 232 -9999 218 218 222 218 218 222 222 222 230 230 230 230 223 220 220 220 220 220 220 220 220 220 220 220 220 220 220 220 220 220 90 90 90 90 90 90 90 90 90 90 90 90 99 99 99 99 91 91 94 94 94 94 94 94 94 94 96 96 96 96 96 96 96 44 44 44 44
-9999 -9999 -9999 -9999 -9999 212 212 212 -9999 211 -9999 211 -9999 -9999 219 232 232 232 232 232 232 -9999 218 218 218 222 218 218 218 222 230 230 230 230 230 230 220 220 220 220 220 220 220 220 220 220 220 220 220 220 220 220 90 90 90 90 90 90 90 90 90 87 90 90 99 99 99 99 99 99 91 91 94 94 94 94 94 94 94 96 96 96 96 88 88 88 88 44 44 44
-9999 -9999 -9999 -9999 212 212 -9999 211 -9999 211 211 211 211 219 219 219 232 232 232 232 -9999 -9999 218 218 218 218 218 218 218 230 230 230 230 230 230 230 220 220 220 220 220 220 220 220 220 220 220 220 220 220 220 220 90 90 90 87 90 90 87 90 90 90 87 87 87 99 99 99 99 99 99 99 94 94 94 94 94 94 94 93 93 96 96 88 88 88 88 44 44 44
-9999 -9999 -9999 -9999 212 -9999 211 211 211 211 211 211 219 219 219 219 232 232 232 232 232 -9999 218 218 218 218 218 218 218 218 230 230 230 230 230 230 230 230 220 220 220 220 220 220 220 220 220 220 220 220 220 220 87 87 87 87 87 87 87 87 87 87 87 87 87 99 99 99 99 99 99 94 94 94 94 94 94 94 94 93 93 96 88 88 88 88 88 88 44 44
-9999 -9999 -9999 212 -9999 211 211 205 211 211 211 204 204 219 219 219 219 232 232 232 232 218 218 218 218 218 218 218 218 218 230 230 230 230 230 230 230 230 220 220 220 220 220 220 220 220 220 220 220 220 220 220 87 87 87 87 87 87 87 87 87 87 87 87 87 99 99 99 99 99 99 99 94 94 94 94 94 93 93 93 88 88 88 88 88 88 88 88 88 88
-9999 -9999 -9999 -9999 -9999 211 211 205 211 204 204 204 219 219 219 219 219 219 219 231 231 231 218 218 218 218 218 218 218 218 230 230 230 230 230 230 230 220 220 220 220 220 220 220 220 220 220 220 220 220 220 220 87 87 87 87 87 87 87 87 87 87 87 87 87 87 87 87 99 99 99 99 94 94 94 93 93 93 93 93 88 88 88 88 88 88 88 88 88 84
-9999 -9999 -9999 205 205 205 205 205 205 204 204 204 219 219 219 219 219 231 231 231 231 231 218 218 218 218 218 218 218 218 218 218 230 230 230 230 230 230 220 220 220 220 220 220 220 220 220 220 220 87 87 87 87 87 87 87 87 87 87 87 87 87 87 87 87 87 87 87 99 93 93 94 94 94 93 93 93 93 93 89 89 88 88 88 88 88 88 76 76 76
-9999 -9999 -9999 205 -9999 205 205 205 205 204 204 204 204 204 219 219 231 231 231 231 231 231 231 218 218 218 218 218 218 218 218 230 230 230 230 230 230 230 230 230 230 230 220 220 220 220 220 87 87 87 87 87 87 87 87 87 87 87 87 87 87 87 87 87 87 87 87 103 93 93 93 93 93 93 93 93 93 93 93 89 89 88 88 88 88 88 88 76 76 76
-9999 -9999 -9999 -9999 205 205 205 205 204 204 204 204 204 219 219 219 231 231 231 231 231 231 231 218 218 218 218 218 218 218 218 218 218 230 230 230 230 230 230 230 230 230 230 220 220 220 87 87 87 87 87 87 87 87 87 87 87 87 87 87 87 87 87 87 87 103 103 103 103 93 93 93 93 93 93 89 93 89 89 89 89 88 88 88 88 88 88 76 76 76
-9999 -9999 -9999 -9999 205 205 205 205 204 204 204 204 204 204 219 219 231 231 231 231 231 231 231 218 218 218 218 218 218 218 218 218 218 218 230 230 230 230 230 230 230 230 230 230 220 220 87 87 87 87 87 87 87 87 87 87 87 87 87 87 87 87 87 87 103 103 103 103 103 93 93 93 93 93 93 89 89 89 89 89 89 89 89 88 88 88 76 76 76 76
-9999 -9999 -9999 -9999 -9999 208 205 205 204 204 204 204 204 204 231 231 231 231 231 231 231 231 231 231 218 218 218 218 218 218 218 218 218 218 218 230 230 230 230 230 230 201 201 230 220 220 87 87 87 87 87 87 87 87 87 87 87 87 87 87 87 87 87 103 103 103 103 103 103 93 93 103 93 93 93 89 89 89 89 89 89 89 89 89 76 76 76 76 76 76
-9999 -9999 -9999 -9999 208 208 205 208 205 204 204 204 204 231 231 231 231 231 231 231 231 231 231 231 231 218 218 218 225 201 218 218 218 218 201 201 230 230 201 201 201 201 201 201 201 220 87 87 87 103 103 103 87 87 87 87 87 87 87 87 87 87 87 103 103 103 103 103 103 103 103 103 93 93 89 89 89 89 89 89 89 89 76 76 76 76 76 76 76 85
