GIS/1km/rwa_init_pop.asc
ncols         228
nrows         199
xllcorner     706432.07875708
yllcorner     9685757.4539168
cellsize      1000
NODATA_value  -9999
[rows 60 to 89 of 199, columns 132 to 197 of 228]
579.1243 869.0392 925.8909 1114.109 1515.745 536.7496 410.8928 342.2371 252.0367 285.95 224.9239 268.3872 286.2393 261.9448 334.8385 256.8603 239.7089 334.0782 356.6823 339.264 355.0727 413.7993 424.8993 571.983 673.2254 679.9085 397.1414 282.8516 320.2299 288.3608 278.0517 228.3678 170.4793 165.9377 189.9497 168.5446 155.9585 178.988 211.329 174.1226 142.5747 134.0603 146.1357 153.2657 102.8412 103.8622 84.04811 48.99995 21.13653 44.35006 73.29488 79.62973 82.58636 77.57659 91.28491 95.94275 90.64045 68.6334 74.54237 84.90323 75.87987 67.5357 73.90336 90.00285 92.85712 93.56846
657.4882 625.6007 677.4919 1395.591 2100.55 558.3676 400.4997 360.4172 284.9879 243.1069 288.3548 321.1177 250.5744 231.099 274.3652 301.6522 242.9583 321.9344 369.4809 349.9488 351.0295 391.8382 448.4352 690.9524 868.2502 690.3005 440.8085 319.5079 392.6112 485.9721 313.3273 202.1549 172.746 163.8876 147.9229 161.7508 189.1771 246.8744 272.3264 195.1897 186.1848 166.2536 166.2934 203.7236 133.5764 108.8792 84.9314 78.45113 72.70539 71.90263 78.91863 85.16588 93.62941 85.99881 105.2203 107.5598 86.3232 70.22881 78.22891 87.48774 78.86247 78.69195 76.12836 94.71104 114.6713 116.8137
465.869 437.7988 610.6494 1063.069 1543.967 838.3075 382.0585 430.1694 374.4218 393.8044 423.8911 309.5924 270.5909 240.2762 236.1089 317.325 313.7971 328.4251 428.098 378.75 466.0386 419.52 438.8582 743.5714 688.639 665.2214 650.7398 394.8935 366.384 420.1357 332.9348 204.9915 212.7242 184.8398 167.2388 211.3019 217.4841 311.7182 397.8547 318.2214 245.3 212.2352 200.1714 212.4146 126.8848 88.3382 82.44176 78.42858 71.19658 75.37083 79.43327 100.2783 138.1624 98.57136 95.32565 105.8569 90.81683 72.71811 76.62383 72.50611 78.64244 91.46643 93.67077 89.28476 94.39538 84.23019
830.8553 475.5307 338.6153 1035.835 926.4498 842.6875 418.7099 334.6813 591.6154 751.2045 549.4273 365.4998 323.3828 269.9225 222.3652 254.5819 299.3765 261.3314 424.0297 522.9484 494.332 416.4978 362.3896 421.6531 447.2779 409.9433 414.6736 376.6385 362.2595 381.0392 366.8769 281.2615 295.6607 341.1069 200.1527 211.7734 300.1705 819.1491 1002.348 746.9827 314.5768 240.7686 205.8135 190.098 126.0117 98.56861 90.20705 81.37695 73.54102 82.96239 84.31832 94.94212 107.6322 90.95226 94.36897 95.79026 91.13654 66.81045 71.80245 75.80421 65.6246 74.26554 63.28215 64.85419 87.56061 81.87212
844.2108 547.2512 264.6339 574.96 582.0758 995.1263 661.2308 408.3127 472.0099 680.5836 741.4536 410.1573 270.8711 364.8405 280.6812 232.0367 297.4871 281.7773 385.4138 494.0727 416.7605 347.9993 324.8763 307.9815 300.8959 311.5552 324.8994 338.8663 401.6981 367.8091 357.6472 296.9733 358.751 402.7703 225.0426 238.2091 306.8115 840.3842 1339.603 693.2706 323.9362 276.5966 186.9322 160.071 123.9148 111.3842 97.41969 89.88609 95.84923 86.10315 77.88183 80.95813 97.96142 86.81744 89.37533 92.51435 77.86951 67.08116 59.7129 47.96206 46.0074 55.79233 56.21239 61.95964 74.54164 85.46933
637.1752 478.0456 358.2918 716.2842 647.1624 818.8027 1040.857 526.4548 374.9388 378.7591 482.3611 425.5222 307.2525 336.7799 297.0901 220.5585 232.8559 291.7573 309.8388 393.4341 481.0604 424.5399 342.9783 292.2635 285.0823 301.3271 304.8172 316.9418 331.2542 365.1223 329.8929 329.0139 349.925 323.8672 268.3199 407.8954 435.8913 564.9781 728.9909 420.2597 304.4966 275.489 210.3004 224.5501 150.9413 156.284 129.3805 123.9191 110.2342 88.22585 75.87022 77.32018 86.68042 79.74823 78.71538 85.59087 65.43356 48.90639 55.7014 59.28651 56.20721 57.49194 48.1832 67.03938 66.73282 70.99055
459.8469 374.872 309.4883 483.7211 512.7003 585.8655 894.0244 507.1528 352.4897 378.4123 358.2995 275.3021 361.0814 349.2004 244.1964 325.8498 251.3371 219.0272 291.4594 370.6634 414.906 482.1491 352.3673 291.6498 280.4079 317.3989 318.4543 288.9742 273.9071 295.1003 344.3652 374.8846 460.2442 386.5914 299.9491 384.1063 378.3165 430.7587 504.0904 376.0831 286.4432 273.8422 245.6833 228.5885 200.1332 176.7035 145.4586 154.5289 111.0336 90.59061 81.8606 75.81409 80.92267 63.18683 53.66555 55.34996 57.69366 42.84435 57.49871 54.88042 48.99383 53.48307 50.34305 73.18874 75.05149 75.57774
298.9183 209.2 219.1724 356.5432 425.6079 411.3832 423.3063 400.2549 243.7163 324.6307 429.7223 418.1732 382.2326 405.9322 366.81 298.1245 282.7738 232.4067 214.7941 298.1605 335.8468 290.3088 333.456 331.5798 295.6953 293.6247 282.9594 250.9196 247.0943 294.4346 379.1147 304.4026 290.994 266.7213 269.5536 304.8818 338.693 362.4724 403.265 352.6178 255.457 236.5627 228.9358 254.4665 200.1042 157.6372 123.5926 119.8956 107.9008 99.74166 83.6824 79.63496 102.8433 60.76234 48.7891 47.1412 55.59743 53.23964 61.2171 59.42081 52.24414 51.19702 52.74353 57.92688 49.92015 46.42034
252.9292 274.1763 332.078 415.412 451.2174 446.782 374.4091 331.1145 268.9428 254.557 441.9659 466.9354 471.2282 360.1945 455.8376 406.4527 273.1343 216.6802 216.7241 210.5206 268.323 306.0324 333.8675 375.6839 309.9652 276.2374 258.0334 244.8788 253.8042 282.1635 332.2282 276.2277 258.6089 272.7643 310.9796 322.3919 351.3536 328.3426 295.5071 345.4834 626.4141 433.433 241.0728 370.511 270.6937 200.0434 138.8953 127.0623 110.7263 91.61027 82.17912 89.26443 101.2249 93.22451 67.25175 68.45462 72.32723 92.32579 103.9889 100.6923 66.15422 71.0602 54.91864 49.27277 40.31769 39.97607
448.7436 470.2819 435.0483 293.4014 324.8113 479.2765 351.765 321.9571 301.2175 338.8933 389.4856 391.4371 424.0552 433.0784 408.9007 473.9857 436.4141 241.4636 214.368 195.1475 192.9656 252.5642 311.2878 311.2932 371.1352 340.8694 287.8984 276.2457 269.7109 279.088 309.2144 334.3735 273.629 270.1571 316.8598 308.1851 316.2682 350.5077 332.3376 516.6467 789.2348 538.6713 358.2438 330.1589 265.4928 219.354 189.1929 94.81246 82.62244 73.07725 65.03636 66.59614 78.07111 85.28025 67.18903 64.68782 87.4134 110.8407 112.3565 106.0459 69.24294 62.77659 54.32371 49.58213 43.98677 42.22459
360.007 374.7074 329.0639 275.5717 282.9124 367.0764 453.0424 328.8159 302.9928 370.2759 460.8544 485.7893 407.9886 369.7219 488.4277 372.3143 501.7661 318.2312 200.5277 185.7523 217.7887 240.7637 275.9589 303.9216 345.3694 433.4014 342.6955 274.225 292.5054 337.7331 378.5866 432.7054 375.4899 360.0963 297.5167 300.4078 334.4097 323.967 343.7617 404.3467 526.1557 471.5169 468.8224 476.6309 215.6829 193.8749 101.5926 73.02302 78.38081 66.41393 55.83173 67.34918 82.20985 88.54028 74.75794 68.94391 74.8418 102.9392 119.161 99.07723 62.30758 52.81516 44.09523 44.10195 61.29981 59.44638
279.7017 271.2103 267.763 274.2447 292.3604 321.3741 353.1139 327.0013 296.1494 314.4642 334.2519 363.4417 403.0781 412.0136 384.5588 310.8265 346.8242 475.5133 210.9908 245.234 272.0414 254.3396 341.3551 376.7845 426.0282 489.5226 392.3197 343.0412 330.6725 406.2327 373.7544 381.2993 376.2537 379.2461 311.9407 308.7741 304.8157 288.8873 364.2869 339.0922 454.7214 582.6069 452.913 460.7547 196.8017 147.7297 58.8476 66.90639 75.25533 63.3814 53.59643 61.05133 79.93265 89.05595 89.31483 91.85983 81.37993 90.0156 83.50069 70.38564 57.83262 43.08868 44.66649 44.36452 47.25571 47.31964
273.2288 272.8352 319.8155 342.5869 280.8422 275.3964 275.9413 283.2968 313.4864 292.0369 300.6237 298.1869 339.4135 484.719 372.4852 302.0664 353.361 354.733 275.2631 288.4049 321.831 282.7242 316.6718 412.2053 431.2133 394.5913 434.3354 480.7273 380.3724 433.9095 422.7846 378.0575 373.2245 429.6538 394.1563 411.5302 366.4495 290.8217 362.2364 318.6267 378.9181 600.3073 513.5673 427.7967 199.2048 104.3934 79.18906 78.13071 101.6084 76.56954 58.86107 64.41525 80.07906 87.85739 102.7523 116.4664 142.1772 87.61571 73.63889 66.24959 59.41085 45.64661 47.01252 44.05334 40.1736 41.68989
344.301 373.9108 356.7568 415.7793 356.5358 270.2275 245.4706 269.2456 347.0442 332.2644 296.1007 307.5249 380.8415 498.945 337.9261 294.2378 312.1889 311.3448 287.9977 271.5606 274.7922 281.4728 291.9091 294.932 346.5741 376.8828 356.0304 426.5399 373.0356 400.4859 439.7921 453.9067 431.0511 565.6376 447.1693 429.838 421.8256 337.0777 328.4256 316.28 342.7329 534.4346 569.7955 491.3278 162.5851 92.17421 104.4115 90.03954 91.95733 70.35705 64.54266 65.15305 76.30641 81.15402 85.54402 115.9288 167.2626 83.0603 67.38568 59.96473 54.14899 42.60542 43.29915 40.68215 40.14259 51.51805
360.1137 379.5341 320.0267 331.8332 500.9261 257.0271 255.5052 284.9214 426.381 401.5535 301.5513 293.7635 332.3438 374.227 313.4697 291.256 277.8004 340.8602 324.3417 378.9229 265.2592 256.1895 279.7375 292.5582 351.4481 346.0687 320.3045 350.1547 355.1741 409.1827 437.0582 410.611 410.5885 410.8952 412.4221 394.2261 427.6837 358.7754 355.3888 382.2446 402.3815 586.7484 550.5652 369.4744 139.5836 120.9263 112.2776 143.3342 138.5566 89.52509 71.07063 67.18324 68.70176 72.8794 75.37962 74.03626 125.7151 75.44762 65.44362 53.21835 47.35713 45.28132 44.95763 42.46315 44.92815 55.69099
449.4234 390.3483 439.3443 409.8507 469.8481 258.6646 247.6275 269.8409 337.152 317.6809 299.3336 286.5851 288.7715 325.6476 433.2643 351.8832 300.9656 304.0023 283.2749 302.5103 271.1252 258.672 259.0506 327.7498 368.8842 356.5116 332.8494 355.459 356.046 374.7041 395.468 384.154 402.1019 360.2005 357.7904 363.8627 326.8609 312.0473 324.0211 350.2131 361.9796 326.3485 364.7055 365.5353 166.4893 123.887 169.7812 238.0898 246.4288 168.1228 126.1833 101.6909 73.71457 70.10374 63.64907 60.59645 64.71535 67.64684 58.94255 56.33825 43.74378 45.08579 45.01799 47.37257 51.59888 55.22475
315.5421 403.817 347.057 456.5768 465.4543 265.0877 264.8681 269.2413 303.7329 319.9898 285.5832 299.5011 287.2964 324.9598 512.3702 488.7255 304.5336 280.1986 257.3218 263.7776 291.0614 316.2503 283.9818 317.3043 447.8527 397.3015 394.1838 491.8068 421.7411 373.6914 383.8045 366.3262 409.7683 379.2793 398.6386 363.5841 332.4633 306.7229 315.3643 378.5424 357.2446 337.1973 446.7915 360.3478 247.3114 153.6152 148.6095 191.4093 217.2493 273.3938 163.2059 134.3844 93.48934 64.39388 64.4283 60.79802 57.21957 78.07813 70.73417 61.29992 49.79208 42.16776 49.9379 55.4494 53.63315 52.00612
269.3792 289.1432 280.9238 294.5826 428.6021 291.8509 258.3081 284.598 354.9925 445.2181 316.2274 311.8221 376.677 326.2586 324.5622 423.9977 334.9979 315.6305 277.7237 265.7553 272.1192 281.0217 295.2702 395.7674 431.9042 424.988 510.7526 682.0966 455.8415 405.3653 426.2534 382.6273 407.5375 401.2281 453.2972 349.5589 379.6296 309.9203 303.1139 377.9508 333.3594 380.6697 568.5859 305.3962 256.7351 268.3701 243.7773 224.0771 140.4712 157.9018 174.9099 243.4052 143.3685 90.29746 95.46136 79.39209 65.02405 83.22787 90.10108 70.98779 56.23469 52.22237 68.56065 63.86816 46.02807 44.59792
278.634 333.0456 321.9306 305.2016 386.9684 286.5214 262.6513 279.3859 320.9082 421.1349 344.121 379.6583 488.3192 326.6905 302.4683 357.0455 371.6173 363.9925 289.155 294.6079 283.4975 292.2239 321.604 479.1691 465.0809 531.8293 667.1809 605.02 446.7846 375.731 382.9489 396.4436 447.2633 388.9484 409.3011 367.8893 361.6521 385.0635 411.0589 517.4778 318.6302 347.907 477.7106 317.8134 258.0742 275.5379 220.5363 208.2876 95.11375 109.8384 146.8223 187.5961 154.1447 127.7526 243.2175 148.6399 93.78662 76.07211 101.7459 77.09402 60.96553 63.67491 83.56303 73.2998 59.65877 44.37495
348.8326 432.1247 443.3114 429.3254 354.505 292.2064 280.3379 315.7021 526.3218 504.8541 337.4712 300.3279 308.2129 303.6464 319.8495 357.5956 356.4037 340.1758 505.426 344.9677 359.1739 347.7188 352.9937 502.2224 523.043 478.3919 506.6916 579.01 432.7336 418.7596 443.8246 435.6725 388.7047 397.2186 438.4123 455.7187 407.6342 512.2703 674.9503 410.4323 285.5467 333.2993 358.809 310.287 305.0986 310.4231 237.0217 191.0776 167.0625 166.2397 126.8994 96.15541 96.8718 140.8034 190.3449 133.3937 109.1019 70.94717 87.27418 103.0998 79.10304 74.09879 88.74937 89.50995 76.3547 45.10568
515.8784 701.7452 535.4942 434.7888 522.6087 309.8835 305.5315 342.9984 719.3944 643.8568 542.2408 364.5215 319.0937 322.0464 306.5441 349.0373 397.335 291.2982 471.0676 444.6025 367.2208 314.5025 303.7181 338.7263 354.2744 385.341 378.9231 394.6814 465.9622 422.4948 382.0981 390.5856 365.6003 366.9766 397.6915 372.2289 389.7153 487.2527 618.675 501.7358 456.6911 399.7592 320.4825 321.8307 292.9863 298.4411 269.2816 263.4003 393.3073 362.6958 279.7192 143.9516 155.1593 151.1143 132.3894 92.9114 71.73747 76.79871 103.0144 97.68839 83.64464 98.71386 97.9061 90.40939 84.35453 53.15759
463.2468 425.0434 428.413 438.2238 418.2698 311.2515 312.7079 317.4953 485.2479 544.2912 657.6848 466.2275 466.5746 491.4165 353.1052 366.7246 405.5542 298.4607 353.6612 430.8268 448.9098 325.0679 306.7863 332.9088 355.8026 445.4142 434.9859 365.4384 378.2221 416.8168 351.1849 341.4427 383.6401 410.4074 424.6129 398.8573 403.5523 366.4112 520.5156 606.2195 560.519 469.0672 324.3195 322.4973 299.7993 334.4873 352.7248 328.2753 466.1938 501.6763 457.6693 293.5251 226.849 184.7512 126.2561 74.37728 75.59051 99.08846 110.4969 101.0364 92.80684 104.1724 104.9535 91.14795 66.57198 54.51612
609.3743 532.4415 451.9539 431.5664 455.9554 356.4587 328.6865 308.2232 423.2361 493.7421 455.2468 451.362 583.1077 724.8818 394.149 318.8714 307.3597 341.1533 335.861 409.6803 367.2508 301.4981 324.6058 365.3213 340.6075 368.5332 401.9296 384.7192 371.7332 350.1031 335.9634 335.3537 392.6928 361.7912 420.5265 429.7116 395.1275 333.0477 381.1434 454.0573 555.4446 581.299 408.1533 403.106 339.7478 324.5525 337.4759 339.3437 426.8963 448.4677 489.6289 403.8087 220.8062 183.5432 112.7739 67.77393 102.927 121.2666 149.2126 121.9526 112.3279 107.3021 99.98217 94.65618 59.21047 48.17271
592.7429 606.025 480.1713 593.5501 731.1075 393.424 327.7232 316.0049 437.3045 656.7819 510.3856 439.2631 481.8709 443.7991 332.158 390.78 351.0504 357.7342 390.1956 509.5791 374.7469 341.2788 333.2186 317.2615 354.2299 361.9072 357.1409 528.9286 559.0532 371.8535 380.6288 377.6104 393.3426 399.9519 424.6825 414.989 402.7797 347.9961 349.3412 395.6226 632.8801 892.322 693.5098 414.8789 371.6565 336.8926 315.4737 363.1761 335.8912 375.4903 532.2419 691.2532 224.573 142.1816 103.9863 87.91397 112.9455 159.2783 234.7307 218.758 164.1605 138.2288 113.7266 98.84587 55.2247 42.2748
567.8956 724.9803 491.2527 607.4951 745.2556 412.6751 329.7036 332.5742 489.3402 560.2455 368.3885 392.5881 518.6883 368.6385 324.6102 341.5789 310.1282 299.0516 354.0057 321.4749 324.6435 485.5748 383.5452 320.7855 339.9093 337.9457 347.4513 401.3241 487.8321 424.6949 414.6112 398.3415 390.429 377.8126 388.8427 426.8461 404.9122 364.443 418.7449 460.0064 463.1564 617.3215 680.3119 470.1164 387.1538 312.8481 316.3873 321.1913 388.4333 416.2682 569.6038 721.0538 412.7203 310.5518 185.8598 142.7258 140.8262 190.9362 276.9081 319.5462 279.2272 211.0483 119.305 89.83221 49.31277 41.65969
559.238 561.3241 467.7065 483.864 684.2451 689.3937 391.1064 345.6697 406.1601 381.6772 293.48 306.4839 398.1209 349.7562 296.8832 300.8327 264.2167 287.446 335.1882 329.0572 337.377 339.4191 313.0911 308.9979 370.4502 310.3534 384.6086 401.4729 390.312 436.2659 366.5569 362.2913 386.8891 421.1562 417.7666 364.8747 352.0395 376.0965 421.4386 451.1843 360.8781 392.3587 383.7054 463.9535 395.6623 350.8248 355.0549 390.3963 442.2498 431.8984 484.3951 432.9485 437.8819 468.0069 291.9459 153.8721 141.2196 175.675 222.4055 270.1678 282.2766 225.9873 132.0168 84.09499 45.63799 41.26476
612.332 510.1499 521.8201 618.2246 641.0676 400.0744 332.4146 291.4705 302.4914 319.4387 289.024 278.5222 284.3709 301.0161 303.5171 293.2718 293.528 231.6803 337.3995 377.7722 342.6105 331.7408 277.9276 266.4511 279.0089 269.91 321.8851 238.8452 270.2529 377.9082 380.485 362.7474 405.8681 374.4809 404.2013 413.1927 375.1651 380.8712 370.0317 381.3103 313.0313 361.7025 345.0151 473.6819 485.7769 389.9578 409.4682 434.7548 481.3801 448.229 513.3803 487.4389 357.7789 404.003 301.3359 164.0951 151.3476 212.0567 186.5485 243.4459 246.1299 164.3152 145.4496 77.22325 52.53197 45.23626
681.7273 562.6729 493.7479 679.701 582.4408 536.6534 380.0446 303.8367 291.2203 330.6104 279.7945 267.4661 278.4095 291.8074 294.3578 356.9066 298.3516 282.1025 338.1779 346.292 321.7532 310.1064 278.4096 283.8359 168.7232 232.2002 110.7667 279.953 326.3713 295.3945 419.6894 362.0421 336.8988 335.9223 344.7681 350.9249 423.3838 453.2021 459.988 379.0732 301.6363 338.2236 407.8174 190.9084 646.308 367.8082 546.1732 497.6042 432.5079 414.2088 446.9998 400.7347 343.0434 329.4719 283.6659 167.4347 172.5659 232.6556 178.2556 161.904 137.9536 107.9974 121.2408 62.6003 51.88625 45.21342
513.6655 462.9469 368.6387 487.8442 545.8865 392.3024 350.5183 307.9543 292.4661 301.5867 264.526 265.0321 276.135 289.4428 280.1171 303.5113 301.441 268.4673 228.7453 285.1513 310.4891 288.551 304.8555 299.0777 334.7157 319.0179 326.1819 408.6132 506.3839 270.6513 360.811 295.8054 296.1622 304.5169 286.9981 289.7882 338.7603 332.9201 381.0614 307.1948 252.2138 339.5656 292.3665 180.4649 200.8868 81.58878 291.6535 338.5499 342.3474 344.5527 335.6464 336.5863 325.212 347.3018 326.1502 267.9818 182.6975 192.7109 231.3145 183.8236 106.8854 86.82636 90.50059 57.56308 46.80183 46.87217
437.8996 323.4133 370.9137 394.4254 436.9619 369.1639 324.8892 332.4644 307.8661 299.5811 262.6657 278.9579 327.3901 290.6019 267.8648 278.8082 271.3314 272.4687 261.0958 324.0841 228.4355 204.8194 148.8131 160.5018 318.1068 348.8017 423.2382 422.2537 477.9034 367.7939 96.70771 253.5277 276.4621 349.4276 309.7355 256.7209 228.5242 382.589 491.401 315.2369 156.9722 204.8984 62.40736 67.3223 125.5708 202.9212 187.7388 164.348 257.7632 442.6153 454.8678 444.6626 410.31 439.5012 397.6998 328.4725 217.6604 246.3431 284.5466 180.3117 108.2464 70.42696 78.66901 63.45809 48.59261 53.09274
