GIS/1km/rwa_init_pop.asc
ncols         228
nrows         199
xllcorner     706432.07875708
yllcorner     9685757.4539168
cellsize      1000
NODATA_value  -9999
[rows 120 to 149 of 199, columns 132 to 197 of 228]
145.9374 244.9254 259.0379 413.3627 450.7802 365.429 222.7472 175.168 160.0576 167.5606 174.8715 139.9464 133.5848 147.1632 165.8215 170.7538 159.7278 217.1833 198.2839 183.772 185.8584 239.624 352.7725 253.7888 228.6655 266.0078 158.4688 195.6202 208.1381 45.22304 215.1783 102.3879 69.8218 56.64191 112.1514 107.8646 123.7618 230.3036 326.9579 413.4646 413.9019 352.9966 422.4916 332.1512 387.5873 339.6617 275.2611 300.7427 264.417 334.7953 365.8486 366.6732 333.6935 352.7087 373.0362 464.1887 1117.018 857.7748 489.3816 454.0029 368.2777 268.5343 242.9289 241.2554 241.1959 284.2964
143.45 157.2882 177.8865 319.188 926.7383 770.8872 377.746 206.9584 156.8464 169.0919 170.5387 149.4002 123.4721 157.455 299.7149 303.2625 175.4211 208.9299 208.3983 204.3317 161.2803 171.3506 262.781 169.2675 219.0555 250.2781 165.1891 121.7349 225.2678 240.5781 235.0598 230.2726 77.61125 334.3315 434.5315 381.069 308.6535 321.9743 382.5509 385.2219 325.0844 372.3023 386.7815 359.5018 365.3026 387.6928 278.306 264.3189 255.137 261.307 281.4687 294.1682 350.8363 457.368 400.1072 450.3566 1716.241 1484.975 671.8284 473.5488 357.6386 261.1628 239.0562 235.5882 246.6977 316.1395
160.0528 170.7543 206.316 220.9772 766.5031 932.704 496.7797 216.3157 170.3876 136.7928 185.7553 169.5678 107.4588 138.979 276.0743 322.8255 185.2016 187.9994 203.5571 323.9893 325.8502 135.2717 88.82058 143.7304 128.135 134.2428 206.2563 201.4253 60.76503 178.0027 289.1735 199.474 110.1402 282.9273 300.646 294.5549 389.201 388.5076 370.7221 207.6005 238.2164 297.4167 320.6389 429.1805 407.0098 393.7449 303.6818 264.8088 267.6801 273.8894 292.5526 292.1583 341.8931 476.5654 423.3653 609.7092 1338.013 1043.266 618.0101 481.9467 341.4534 255.2298 274.7717 305.6531 272.3502 305.2623
182.5599 161.5116 176.5949 189.8518 548.7314 732.1147 533.703 257.7505 178.2392 135.826 99.23682 100.6249 76.53231 106.8162 167.6064 187.8513 191.0793 176.1055 220.0314 505.1702 685.0734 305.598 79.5356 121.4073 113.7644 164.2669 229.6141 326.5174 278.7806 285.5675 481.9158 181.8869 -9999 34.89321 124.2358 126.0393 68.65055 130.4055 156.521 169.0439 305.6402 315.7197 351.1043 508.6136 358.1845 410.1368 346.7643 295.7276 304.2918 335.6975 372.5295 336.9546 408.0021 616.9169 532.6822 550.8268 635.5478 504.1813 455.3068 407.7686 314.3505 269.5407 346.7532 399.244 317.9769 244.0663
190.6199 148.7267 223.3398 316.2333 398.1812 389.0599 432.8345 261.8377 176.0776 116.8321 68.43884 77.47955 78.48441 81.25783 150.2608 183.6235 191.1723 165.7599 210.5804 532.0416 705.1044 329.2412 126.4531 109.7549 130.5254 208.8782 316.4684 543.8882 377.0565 409.7325 374.2831 320.6815 213.3453 28.76433 234.5745 338.3425 363.436 295.1247 162.4232 129.5553 332.1699 356.8471 346.4977 410.7141 294.4698 331.3125 465.1656 434.3658 456.3366 336.4184 330.1428 368.6475 419.8436 542.5237 525.6291 685.9871 455.7088 426.6112 468.6232 380.5702 280.7875 260.3393 337.435 359.4641 326.6338 251.3349
218.4768 175.8679 246.3985 365.2464 301.6736 319.1697 379.2702 281.3801 188.3873 104.4266 100.8198 151.9085 122.7729 103.9251 209.6916 262.977 203.4268 166.3937 174.2983 152.332 139.6794 136.0873 106.1046 89.84674 173.2612 318.824 274.21 203.3545 5.034221 7.198763 261.9855 407.642 213.821 191.2688 88.96951 233.6748 360.5185 329.0452 370.9756 288.2527 241.0023 297.6877 292.8949 327.1611 314.3751 348.3792 472.8594 552.0484 468.8237 290.0783 268.6727 293.6026 367.3879 503.4675 409.4049 523.5317 468.5735 526.4162 660.1641 456.5768 291.8126 270.7109 247.6322 271.4942 296.8758 285.6186
269.0988 271.7471 234.0913 230.1616 316.5254 312.2777 239.4432 262.5861 269.339 249.9971 200.4319 156.8223 214.045 184.1458 266.3701 324.2005 261.6165 356.9784 290.876 165.4012 147.9184 19.49123 46.57502 87.44827 131.7621 340.7279 132.724 119.0972 4.993507 145.9749 312.6955 511.6466 383.2585 331.1654 319.8962 264.1221 203.7362 158.7074 253.9799 285.8372 298.1477 338.4741 305.9055 264.8063 296.0268 286.233 388.9144 408.0162 355.7095 307.5749 305.8027 340.4523 472.8953 494.3617 375.3126 419.1552 409.1453 468.9052 465.6098 409.8693 304.0425 298.8107 235.7635 221.805 229.2589 256.4465
344.0996 360.0875 326.7105 453.8805 432.3293 302.9796 166.9263 315.9008 434.0036 446.2355 329.3959 377.6856 260.7256 184.6867 287.0606 409.4697 446.4842 906.1199 578.0211 186.931 125.4058 106.2744 310.8984 185.1625 98.68809 104.5573 312.2838 563.1815 395.2535 350.5178 240.0784 260.5616 385.2711 268.4284 303.4095 267.0143 201.3939 288.614 183.8193 372.8707 355.637 322.6719 297.0965 297.5636 347.2959 292.4706 280.9419 273.3148 282.637 276.7135 291.9878 360.9469 438.7651 493.5532 436.3691 387.162 386.9033 395.0851 358.4577 346.9984 350.5032 296.1234 222.0275 212.7837 196.7281 220.1251
403.4072 395.7994 350.1794 560.6075 363.3942 200.185 155.0242 167.6119 251.4164 275.3878 407.3799 490.6144 298.7832 194.6955 194.8832 292.4543 331.5125 735.9076 512.9836 208.0652 93.70917 416.93 667.0183 443.2179 160.067 99.33071 218.816 285.7753 145.0379 111.5985 98.57861 212.6217 286.7055 97.62524 191.8259 12.4287 27.34512 262.6522 182.7306 282.7844 315.426 349.1156 345.9913 377.5438 320.3147 334.4462 259.1078 299.4951 284.8287 288.3268 270.2485 302.7772 321.6661 276.3644 279.778 356.5088 429.3536 450.8648 455.2582 393.9806 445.9142 327.2117 219.9104 203.5824 203.488 230.9833
260.1984 255.4069 380.9192 488.5675 375.5435 166.4147 115.004 122.5537 175.8313 168.6338 249.8541 330.7935 353.714 216.0903 135.8703 145.7771 328.4058 528.0498 415.1649 274.1553 328.1741 516.1284 529.4779 290.7996 165.6163 93.26533 95.62566 94.9462 86.47911 72.51657 65.08163 100.6508 174.349 20.15839 4.428539 27.14132 183.3302 300.2493 334.9908 278.8092 363.9637 575.0792 494.3057 353.7325 294.0764 258.9741 223.779 233.8871 247.9083 315.661 307.1548 344.9132 313.8241 261.7716 252.7847 333.1851 326.3647 388.5187 353.932 361.519 262.544 237.183 212.3218 197.9959 201.4332 222.868
273.2854 275.6639 412.4653 483.0435 394.4422 105.2279 107.2964 142.9692 164.2947 148.9143 190.9831 153.8214 321.1583 450.2932 265.1121 269.1715 437.4618 266.769 223.69 302.3008 350.695 396.7918 156.8752 58.17929 107.7143 88.61671 87.20868 89.14085 84.74438 69.57672 69.43826 67.63808 138.6591 5.135105 -9999 245.5813 316.6565 328.2585 495.8104 485.8837 470.6838 604.4222 427.735 371.6374 321.7315 231.2939 191.0855 204.96 228.1747 241.8765 272.4338 323.3984 277.9073 254.1514 262.3228 314.972 291.774 331.0727 318.3838 260.1459 227.938 215.4923 194.8694 201.9166 207.9549 206.092
234.6042 229.9898 366.288 421.0002 260.1578 147.4679 125.4485 166.39 141.2442 78.68311 81.33153 110.5334 333.2898 456.4989 371.2433 296.2702 203.0012 135.1905 221.4804 323.9505 378.5237 355.7323 194.8803 63.94246 84.57224 97.65887 102.6345 92.02912 134.0955 73.14307 70.4437 68.81074 181.1695 224.1281 -9999 52.23655 152.9031 192.0765 596.6388 792.2257 588.0384 487.6309 326.0885 288.6263 273.2465 218.8763 205.7062 205.1953 229.5607 240.197 277.6465 311.2755 293.1757 268.6523 295.3615 297.5999 277.7527 312.1245 280.0384 240.968 214.5448 200.6665 202.5466 257.4391 299.2673 254.4779
227.0457 235.4197 348.8438 451.1811 302.158 383.4287 255.0419 150.6297 133.1972 79.96694 63.82888 137.6923 263.4435 210.4151 173.1956 202.5111 81.10915 94.3426 150.5296 247.6795 280.6661 267.42 98.04678 172.6844 105.6053 124.117 124.337 104.4005 199.2173 79.95051 66.65441 67.90254 168.62 446.2042 251.5909 103.8652 -9999 71.84644 395.5806 491.0368 434.022 476.8882 294.1266 243.6516 233.5549 195.0329 199.0075 208.8167 234.5364 246.1589 309.7261 315.8961 261.4367 252.7666 281.98 276.7741 272.1874 299.5408 280.7935 279.2401 230.6632 198.3603 228.3635 360.7466 551.4707 341.6604
263.3724 250.5094 386.2965 573.407 332.7871 463.3159 355.3704 327.6161 288.9695 118.095 48.21799 103.2223 164.871 101.3876 91.69997 176.9024 65.3214 90.81696 217.4988 359.2598 221.4661 140.8835 210.577 220.0813 135.8098 122.0141 113.8828 79.09612 116.4441 78.74973 67.95741 66.71346 127.2956 202.0666 198.2682 186.55 79.69598 28.45299 215.5771 138.7498 246.54 295.6398 269.5782 226.3869 206.6421 189.5488 197.66 211.1649 223.9277 262.6558 350.4563 342.3908 258.0228 240.664 207.5804 255.5528 285.3196 293.7503 283.6819 280.9571 234.6165 242.6306 269.2281 301.9186 341.3914 316.5653
421.664 372.5711 275.8997 426.9109 407.477 350.9869 278.0386 244.006 329.0055 171.289 56.10174 62.045 73.61922 63.70805 70.74207 100.1139 58.75675 115.1036 292.1965 344.795 169.0758 133.9256 166.6513 128.7663 93.64635 45.644 9.528284 67.64149 64.3961 64.5251 65.50886 63.97499 123.4497 162.326 175.351 176.0253 184.4212 151.4517 183.1389 157.1931 88.3075 217.2995 278.9258 224.8037 198.7758 182.8728 190.2645 199.0594 206.5588 259.455 358.7135 341.4725 247.3013 208.6112 192.0747 247.8891 300.6736 304.5191 303.6862 282.2339 264.3111 271.5516 284.2346 290.2636 295.7375 315.292
322.4645 289.9528 242.7873 442.5636 372.7374 383.6785 312.2307 321.1099 374.9645 178.017 119.4997 60.28731 59.50758 60.41622 62.25707 63.76809 61.44771 156.1255 477.8498 430.9049 223.293 109.4317 88.14124 82.14597 69.23416 21.72011 54.97819 6.102116 57.48118 68.20319 62.43214 60.764 105.9373 156.2419 167.7884 201.8713 222.3237 231.649 295.6193 287.8279 241.4926 290.3954 291.0712 196.3041 150.5674 189.1399 212.1227 248.2097 241.8804 261.3536 322.0498 262.4968 244.8747 195.2732 191.6646 228.231 309.1512 311.1248 317.0472 311.1878 311.7605 295.9043 304.5283 316.0314 315.5054 332.4123
249.2976 239.3316 229.1228 460.477 341.6641 391.1453 438.8989 279.9434 236.802 209.9752 200.7836 108.0647 61.33847 60.33667 62.51868 60.29523 59.81697 114.4292 454.6364 640.4908 317.4992 126.9627 92.98943 88.2807 80.29931 83.43636 43.65099 95.50333 307.016 108.1209 66.70013 77.21674 152.9784 163.6461 179.6595 220.3643 429.9914 364.2349 289.2271 269.8033 255.8925 288.312 253.6275 191.7626 144.5664 197.2057 225.9229 271.6643 295.1833 306.5641 313.031 237.5645 238.8072 189.3256 200.7287 229.192 340.7278 402.9594 420.5032 374.2267 453.2006 378.0189 357.1377 404.7789 355.69 327.9268
323.591 251.3469 243.4564 439.8933 279.1404 338.6233 420.5669 339.6342 399.4738 409.0179 365.0344 162.7088 67.2963 57.29266 60.46451 59.57907 57.96358 66.24303 224.9149 264.4772 173.9411 108.9251 94.62101 85.24422 79.27461 56.165 46.46924 168.9673 374.028 126.3958 70.15701 99.18095 150.7559 151.6281 183.8734 181.4188 295.5891 334.2352 471.2818 390.3606 250.2237 251.2666 181.7885 151.5805 141.3177 196.6102 221.047 233.2331 245.019 288.8206 315.3734 324.9968 242.0231 186.7211 202.0898 173.9611 384.1993 473.8822 506.6028 439.9905 631.896 468.5771 344.9819 330.5055 324.1831 295.8465
812.1999 515.5937 428.8083 397.4571 429.4668 234.5636 248.8226 468.6439 459.7376 298.3433 262.2992 215.8358 67.99321 57.60671 55.43298 56.70894 54.54019 62.07676 102.7536 104.1715 99.90736 91.9502 91.26026 84.19643 74.38882 75.74953 162.9434 179.9534 159.4864 81.47146 66.76842 80.26362 140.7432 139.6547 151.9936 166.8995 200.0099 199.7471 287.7035 289.2687 223.2958 204.6931 140.5811 130.2729 148.5061 191.3085 212.9464 197.7074 227.3119 256.3015 317.4616 326.4767 270.9617 181.5062 198.579 178.9864 276.682 416.1212 448.5149 353.0685 370.4077 323.7838 296.0925 278.2589 249.7609 222.6165
857.4722 1005.615 824.4955 437.9562 379.9421 243.9861 239.2729 299.5499 307.8453 409.5974 490.6649 278.6549 74.95519 54.74645 49.33236 49.45079 58.47951 75.80425 80.49662 82.78047 77.36961 83.14513 156.7453 446.6412 465.5836 230.1629 79.73782 69.1345 70.38865 63.18198 62.12862 58.92105 59.37753 93.52488 136.2457 149.9072 172.6706 180.2343 177.9392 178.9608 176.165 149.4288 137.9332 170.0385 184.9004 169.2722 181.7079 160.0214 194.0341 159.3376 323.6817 302.3569 213.2421 191.3221 214.6943 267.9319 264.36 399.8027 425.394 310.5763 294.3337 270.1707 216.9924 202.1901 220.9767 250.2433
508.293 847.7516 855.3412 622.5935 488.5538 275.5692 366.4984 428.9426 384.9914 386.5099 313.614 205.123 78.5733 56.89512 52.69227 55.82287 63.94764 82.73442 128.1889 194.7576 108.614 111.9649 159.8437 364.0275 391.5162 231.3954 74.75407 65.21352 67.40756 19.78664 27.96901 59.61502 55.02413 66.47243 101.3665 157.5464 182.5229 181.6855 193.0553 -9999 -9999 -9999 161.4922 172.1915 168.3961 -9999 151.1851 160.0305 189.6585 220.4216 240.8904 267.5344 242.4282 244.6223 291.0039 346.548 423.9372 568.718 692.1049 541.1009 251.221 225.1069 225.3647 213.5496 213.2112 221.4507
303.5591 353.7538 408.4681 586.8982 552.8939 493.402 364.3175 440.8006 395.3062 235.3913 173.2425 138.1544 69.41357 54.80745 57.38184 65.74889 133.324 169.4492 152.2194 178.5264 116.2582 104.5277 167.9228 242.2032 230.8891 145.9957 69.15804 69.58163 53.45623 -9999 -9999 -9999 -9999 38.6099 94.29533 204.1918 196.2037 197.0878 -9999 -9999 -9999 -9999 -9999 180.8607 -9999 -9999 -9999 196.171 212.8924 240.9081 265.8352 290.0907 309.2436 355.9879 341.8461 323.4745 309.244 398.506 596.0729 537.4224 376.0634 375.9593 239.0649 215.9798 208.4392 206.3916
275.1489 194.6079 209.0338 307.5335 407.3125 459.9321 232.7157 217.6656 207.442 206.6942 160.9484 143.2397 78.29385 63.67882 73.6611 83.74428 247.4268 315.539 235.0863 206.8624 119.306 132.0331 231.1336 199.8351 194.6623 102.7978 69.36298 69.33079 57.05588 -9999 -9999 -9999 5.725755 41.21182 193.2801 437.1622 211.2674 -9999 -9999 -9999 -9999 -9999 -9999 -9999 -9999 -9999 -9999 224.5015 242.3656 271.4081 290.6053 362.8473 336.9688 358.8512 341.9943 296.4243 269.258 291.4593 295.9976 323.9659 378.8974 306.8223 235.5857 227.0561 213.1848 231.897
208.1864 171.6616 181.1266 256.084 202.2624 217.4225 259.145 215.8509 221.9158 184.9453 269.5675 215.2193 102.0013 69.45375 84.18509 76.3384 200.7186 293.7449 294.0757 160.8387 110.7062 138.0575 197.8078 178.6968 173.3015 94.11065 74.90042 69.50999 66.48042 -9999 -9999 -9999 -9999 18.56237 190.7092 379.42 317.8667 -9999 -9999 -9999 -9999 -9999 -9999 -9999 -9999 -9999 262.2105 213.8788 259.4326 334.5023 290.5594 351.1931 306.2357 317.7419 313.5224 370.7586 255.5968 269.3233 257.0821 252.5436 217.4632 198.764 232.4007 213.8116 202.2818 206.4143
94.42349 206.0694 199.0362 228.5289 194.9908 296.7187 477.8881 239.9796 171.4942 169.5861 286.2621 233.734 154.8536 111.5359 84.59708 78.4342 96.46673 145.2003 295.1236 210.5404 -9999 101.202 138.1676 151.6373 191.4083 127.9337 76.87831 70.97053 68.77593 -9999 -9999 -9999 -9999 -9999 116.4859 200.0437 275.0022 -9999 -9999 -9999 -9999 -9999 -9999 -9999 -9999 -9999 -9999 -9999 250.9104 299.6123 270.7712 290.5755 335.8412 370.0789 317.0863 493.075 357.653 229.737 236.3315 228.122 182.4853 183.6465 196.9443 200.3256 223.4231 221.1096
-9999 377.8244 350.1651 242.4934 206.6711 245.0333 336.0739 218.9173 171.2023 189.2439 191.5937 161.5669 155.4482 140.337 82.30868 74.75228 83.576 105.6263 256.5341 -9999 -9999 -9999 182.4019 153.7769 197.4291 198.7338 106.8836 72.48607 42.88726 -9999 -9999 -9999 -9999 -9999 -9999 -9999 -9999 -9999 -9999 -9999 -9999 -9999 -9999 -9999 -9999 -9999 -9999 -9999 233.4813 264.0212 232.3996 267.2456 491.1759 722.1373 438.3604 393.9716 383.9639 275.9387 258.2902 247.0133 194.8783 184.2538 209.0666 195.4296 200.6382 209.9951
-9999 206.0093 237.6182 225.1796 204.8272 209.1136 217.8727 208.0008 185.2425 216.9023 190.6799 161.107 135.9468 131.8321 101.2144 76.07398 80.52654 95.65944 143.6873 -9999 -9999 -9999 -9999 170.1117 148.6509 180.8926 116.1522 73.03513 24.7424 -9999 -9999 -9999 -9999 -9999 -9999 -9999 -9999 -9999 -9999 -9999 -9999 -9999 -9999 -9999 -9999 -9999 -9999 -9999 -9999 -9999 182.9846 245.5584 415.8161 665.796 482.7989 370.5092 334.8471 290.6086 266.4139 295.6956 377.7749 234.4725 204.6872 191.7769 213.0152 293.0271
-9999 -9999 156.8148 265.3561 200.2383 180.8276 174.6118 216.5271 202.1559 352.6633 335.6746 185.5856 128.9282 125.3521 109.8258 105.5927 76.63539 95.45353 175.2441 -9999 -9999 -9999 -9999 -9999 -9999 -9999 -9999 -9999 -9999 -9999 -9999 -9999 -9999 -9999 -9999 -9999 -9999 -9999 -9999 -9999 -9999 -9999 -9999 -9999 -9999 -9999 -9999 -9999 -9999 -9999 203.9306 255.6467 317.5072 343.5748 339.6886 335.2729 301.0183 303.0057 262.3814 227.9766 287.2925 230.8163 197.4149 170.8367 209.1852 402.8499
-9999 -9999 -9999 429.4164 220.8835 144.4424 161.2649 175.4477 174.2919 306.1928 346.6272 252.8362 180.7436 125.662 109.6421 106.9981 86.65718 91.13871 -9999 -9999 -9999 -9999 -9999 -9999 -9999 -9999 -9999 -9999 -9999 -9999 -9999 -9999 -9999 -9999 -9999 -9999 -9999 -9999 -9999 -9999 -9999 -9999 -9999 -9999 -9999 -9999 -9999 -9999 -9999 -9999 -9999 -9999 267.3488 245.0505 247.7393 292.0387 288.9823 326.842 261.1376 177.891 171.7946 188.9084 190.0469 182.0887 182.0463 216.9333
-9999 -9999 -9999 303.017 113.3278 105.5419 162.824 162.2133 140.3273 171.3163 189.4493 302.6724 239.1266 128.8927 114.7067 113.4693 119.497 -9999 -9999 -9999 -9999 -9999 -9999 -9999 -9999 -9999 -9999 -9999 -9999 -9999 -9999 -9999 -9999 -9999 -9999 -9999 -9999 -9999 -9999 -9999 -9999 -9999 -9999 -9999 -9999 -9999 -9999 -9999 -9999 -9999 -9999 -9999 232.2189 221.4215 199.4028 252.3461 283.5074 272.2225 226.8286 199.5181 171.3465 187.3933 178.436 182.5695 186.9811 180.0816
