GIS/1km/rwa_init_pop.asc
ncols         228
nrows         199
xllcorner     706432.07875708
yllcorner     9685757.4539168
cellsize      1000
NODATA_value  -9999
[rows 30 to 59 of 199, columns 66 to 131 of 228]
-9999 -9999 -9999 -9999 -9999 -9999 -9999 -9999 -9999 -9999 -9999 -9999 -9999 -9999 -9999 -9999 -9999 -9999 -9999 -9999 -9999 -9999 -9999 -9999 -9999 -9999 -9999 -9999 -9999 -9999 -9999 -9999 -9999 -9999 -9999 -9999 -9999 -9999 -9999 -9999 -9999 -9999 282.517 -9999 -9999 -9999 -9999 -9999 -9999 -9999 -9999 -9999 -9999 -9999 -9999 -9999 -9999 -9999 -9999 -9999 -9999 -9999 -9999 -9999 -9999 -9999
-9999 -9999 -9999 -9999 -9999 -9999 -9999 -9999 -9999 -9999 -9999 -9999 -9999 -9999 -9999 -9999 -9999 -9999 -9999 -9999 -9999 -9999 -9999 -9999 -9999 -9999 -9999 -9999 -9999 -9999 -9999 -9999 -9999 -9999 -9999 -9999 -9999 -9999 -9999 -9999 -9999 315.9548 321.1707 307.374 -9999 -9999 -9999 -9999 -9999 -9999 -9999 -9999 -9999 -9999 -9999 -9999 -9999 -9999 -9999 -9999 -9999 -9999 -9999 -9999 -9999 -9999
-9999 -9999 -9999 -9999 -9999 -9999 -9999 -9999 -9999 -9999 -9999 -9999 -9999 -9999 -9999 -9999 -9999 -9999 -9999 -9999 -9999 -9999 -9999 -9999 -9999 -9999 -9999 -9999 -9999 -9999 -9999 -9999 -9999 -9999 -9999 -9999 -9999 -9999 -9999 -9999 345.2427 502.5537 399.7161 326.2226 -9999 -9999 -9999 -9999 -9999 -9999 -9999 -9999 -9999 -9999 -9999 -9999 -9999 -9999 -9999 -9999 -9999 -9999 -9999 -9999 -9999 -9999
-9999 -9999 -9999 -9999 -9999 -9999 -9999 -9999 -9999 -9999 -9999 -9999 -9999 -9999 -9999 -9999 -9999 -9999 -9999 -9999 -9999 -9999 -9999 -9999 -9999 -9999 -9999 -9999 -9999 -9999 884.2805 805.1295 1027.11 579.5291 -9999 -9999 -9999 -9999 -9999 336.2867 370.7606 553.2402 436.4714 342.8904 388.5988 -9999 -9999 -9999 -9999 -9999 -9999 -9999 -9999 -9999 -9999 -9999 -9999 -9999 -9999 -9999 -9999 -9999 -9999 -9999 -9999 -9999
-9999 -9999 -9999 -9999 -9999 -9999 -9999 -9999 -9999 -9999 -9999 -9999 -9999 -9999 -9999 -9999 -9999 -9999 -9999 -9999 -9999 -9999 -9999 -9999 -9999 -9999 -9999 -9999 766.2258 885.5883 585.9177 557.3598 748.4077 573.5583 526.7897 418.6281 -9999 -9999 -9999 329.091 349.8477 407.6353 344.6983 385.8784 394.2827 390.0291 -9999 -9999 -9999 -9999 -9999 -9999 -9999 -9999 -9999 -9999 -9999 -9999 -9999 -9999 -9999 -9999 -9999 -9999 -9999 -9999
-9999 -9999 -9999 -9999 -9999 -9999 -9999 -9999 -9999 -9999 -9999 -9999 -9999 -9999 -9999 -9999 -9999 -9999 -9999 -9999 -9999 -9999 -9999 -9999 -9999 -9999 -9999 0 708.9697 958.6818 769.2972 823.6294 749.5364 704.4656 611.8068 530.7939 -9999 -9999 -9999 339.7346 398.3328 352.287 367.0845 401.8477 413.6575 416.2377 411.515 415.6648 -9999 -9999 -9999 -9999 -9999 -9999 -9999 -9999 -9999 -9999 -9999 -9999 -9999 -9999 -9999 -9999 -9999 -9999
-9999 -9999 -9999 -9999 -9999 -9999 -9999 -9999 -9999 -9999 -9999 -9999 -9999 -9999 -9999 -9999 -9999 -9999 -9999 -9999 -9999 -9999 -9999 -9999 -9999 -9999 -9999 0 396.6338 929.0535 1067.987 969.364 943.2255 937.9898 677.5394 578.2613 640.4014 562.402 492.6759 514.859 567.0216 376.8916 377.6545 429.1076 556.6116 542.4343 409.04 366.3814 -9999 -9999 -9999 -9999 -9999 -9999 -9999 -9999 -9999 -9999 -9999 -9999 -9999 -9999 -9999 -9999 -9999 -9999
-9999 -9999 -9999 -9999 -9999 -9999 -9999 -9999 -9999 -9999 -9999 -9999 -9999 -9999 -9999 -9999 -9999 -9999 -9999 -9999 -9999 -9999 -9999 -9999 -9999 -9999 0 0 221.1097 915.7429 866.1765 918.7866 1073.84 931.0554 613.8823 611.0786 865.7795 709.0452 601.6157 718.2114 731.3566 414.7104 396.13 474.758 676.214 736.6796 409.9068 371.7226 -9999 -9999 -9999 -9999 -9999 -9999 -9999 -9999 -9999 -9999 -9999 -9999 -9999 -9999 -9999 -9999 -9999 -9999
-9999 -9999 -9999 -9999 -9999 -9999 -9999 -9999 -9999 -9999 -9999 -9999 -9999 -9999 -9999 -9999 38.7564 21.26045 16.24188 14.19239 22.08127 0 0 -9999 0 0 0 0 339.903 1025.925 980.7538 811.9519 1003.863 893.8441 867.1768 677.2617 462.0639 316.1734 269.0269 530.6033 461.7127 364.1797 407.6552 416.3347 506.0201 553.6179 388.0161 363.6501 -9999 -9999 -9999 -9999 -9999 -9999 -9999 -9999 -9999 -9999 -9999 -9999 -9999 -9999 -9999 -9999 -9999 -9999
-9999 -9999 -9999 -9999 -9999 -9999 -9999 -9999 -9999 -9999 -9999 93.00155 40.95663 21.63397 23.68192 37.82851 7.045531 0 0 0 0 0 0 0 0 0 0 0 448.5894 793.602 859.273 850.4845 774.9876 738.9846 803.6289 191.1911 17.59505 93.81033 286.5554 522.2919 364.2127 403.2253 418.4088 418.5507 453.2663 460.7591 378.9883 341.4732 -9999 -9999 -9999 -9999 -9999 -9999 -9999 -9999 -9999 -9999 -9999 -9999 -9999 -9999 -9999 -9999 -9999 -9999
-9999 -9999 -9999 -9999 -9999 -9999 -9999 -9999 -9999 -9999 76.28278 33.61355 17.37846 14.09656 22.47376 0 0 0 0 0 0 0 0 260.1851 208.6666 109.5327 97.84265 346.0967 684.478 892.2417 742.1877 757.8474 1021.405 721.3321 464.3425 -9999 10.3918 381.8241 555.9219 586.311 428.3256 432.536 465.8648 553.2092 538.6841 421.1131 378.6278 323.3227 -9999 -9999 -9999 -9999 -9999 -9999 -9999 -9999 -9999 -9999 -9999 -9999 -9999 -9999 -9999 -9999 -9999 -9999
-9999 -9999 -9999 -9999 -9999 -9999 -9999 -9999 99.77153 77.9964 246.3061 371.3893 312.0942 314.588 313.0947 209.9996 323.9361 289.1389 107.2168 167.4823 71.3052 143.9667 445.9149 895.1513 638.8032 612.0606 694.5776 844.8608 925.1628 870.4976 771.4647 753.1747 954.7385 745.4973 167.8644 -9999 -9999 297.5482 450.661 435.1629 451.5801 546.8252 832.3026 902.7916 559.6745 423.2478 389.7202 333.6432 -9999 -9999 -9999 -9999 -9999 -9999 -9999 -9999 -9999 -9999 -9999 -9999 -9999 -9999 -9999 -9999 -9999 -9999
-9999 -9999 -9999 -9999 -9999 -9999 -9999 -9999 478.4991 475.1974 522.3182 428.5749 407.4197 485.3344 433.9836 457.5856 408.4794 409.8131 563.8113 585.8219 613.1741 634.5811 647.1934 933.157 868.0256 1070.217 1084.57 1083.442 918.2119 851.6185 847.5943 632.3524 519.2169 363.406 -9999 -9999 -9999 88.21437 118.374 14.27014 367.0897 569.2585 791.4899 819.9694 617.8313 444.1867 394.5045 345.2979 283.2705 -9999 -9999 -9999 -9999 -9999 -9999 -9999 -9999 -9999 -9999 -9999 -9999 -9999 -9999 514.6556 332.9196 274.6307
-9999 -9999 -9999 -9999 -9999 -9999 -9999 415.068 432.4578 404.0421 419.7625 443.6725 401.6219 470.5782 707.0786 803.8955 750.7542 732.3547 690.9351 600.6062 552.5353 616.8031 636.5062 946.0428 1085.181 934.5706 855.6121 792.6087 867.1755 807.2104 637.3373 640.2176 471.1383 -9999 65.5129 -9999 -9999 48.37105 -9999 22.6607 204.7983 385.0355 511.8152 410.7154 314.7098 339.6954 419.4441 364.3438 323.9516 -9999 -9999 -9999 -9999 -9999 -9999 -9999 -9999 -9999 -9999 -9999 -9999 -9999 715.2659 625.2564 339.4083 290.6937
-9999 -9999 -9999 -9999 -9999 -9999 255.355 516.0844 387.8011 318.9861 289.7513 343.4998 372.6824 493.664 952.4095 1745.53 1200.354 765.895 569.8704 519.6523 477.0683 573.1948 647.3755 651.6136 813.0719 841.6579 909.1026 1033.743 724.2653 544.389 455.0929 532.804 464.5143 7.737962 4.73642 28.93616 -9999 61.50359 -9999 88.87704 253.7271 387.381 606.5757 538.1194 345.9922 316.066 408.7397 371.8026 340.8126 -9999 -9999 -9999 -9999 -9999 -9999 -9999 -9999 -9999 -9999 -9999 -9999 490.0007 500.8766 500.0452 329.891 302.6558
-9999 -9999 -9999 -9999 -9999 33.83567 41.60495 485.6927 432.2236 318.5064 348.4954 314.8251 340.1384 655.8362 1099.224 1567.014 1242.517 820.4216 807.6259 649.9886 568.8542 637.1427 647.3593 549.0145 598.6938 659.2736 1087 1311.49 690.5206 450.3726 438.4952 473.3294 474.1738 81.62514 73.68198 74.34456 -9999 45.64705 9.796081 197.7557 81.08286 397.2644 599.3361 560.9641 401.6387 307.314 387.6559 411.9981 430.182 348.8981 -9999 -9999 -9999 -9999 -9999 -9999 -9999 -9999 -9999 -9999 536.195 531.6661 475.3914 454.6221 304.3358 332.7728
-9999 -9999 -9999 -9999 54.89309 0 66.28948 419.862 389.4007 419.8968 510.9027 568.436 498.8646 564.6658 632.1545 833.2736 778.2635 691.0776 886.454 892.8271 612.3062 572.6498 564.3234 521.5746 524.342 568.7553 864.6214 1062.801 743.1346 534.3577 570.1932 514.106 598.1489 263.8004 -9999 78.52612 -9999 35.61212 111.5623 208.1905 276.3799 326.752 445.3323 576.8043 417.1521 305.7385 377.1158 524.6282 547.2728 363.7477 325.4474 -9999 -9999 -9999 -9999 -9999 -9999 -9999 453.9142 497.9232 648.5229 548.962 504.237 459.3959 334.111 334.6831
-9999 -9999 -9999 40.19392 0 0 0 504.822 502.0536 493.7464 584.5088 708.8741 589.6731 516.9324 525.9933 563.0892 576.1475 599.3687 888.6642 1098.379 725.3002 634.4967 611.5787 568.3685 562.0112 577.4309 666.613 890.4152 576.1346 551.766 744.836 597.2155 716.2578 539.9393 25.86813 229.515 -9999 -9999 169.3684 127.0754 331.396 339.2888 324.6634 373.9616 349.0376 300.2001 326.8792 394.747 452.1637 343.426 333.2873 -9999 -9999 -9999 -9999 349.7211 464.4482 449.4316 462.2526 469.4388 513.6675 477.2376 447.5445 458.1502 467.6259 424.7899
-9999 -9999 150.8405 1.999871 0 0 0 602.1453 617.1753 453.0052 526.0981 631.1416 565.9841 502.6327 481.356 513.6337 513.1403 591.7551 846.8107 1192.334 1121.097 867.701 821.7552 702.5112 690.4969 689.1324 652.7451 688.2659 684.0732 501.8059 593.7576 461.5103 286.3324 420.8421 158.3919 15.47243 -9999 44.83429 246.3348 100.3643 386.9442 450.9525 444.3216 381.0094 327.4208 312.587 284.175 274.8136 332.7253 343.3483 333.3593 328.2675 -9999 345.908 348.3481 357.9012 459.1272 451.7091 470.1136 438.0574 472.3172 490.4438 445.2834 551.0172 642.7085 631.577
-9999 -9999 21.45367 0 0 0 0 516.1115 618.0943 484.4301 485.9258 656.158 559.325 498.1296 472.9729 490.0813 558.0108 703.4613 870.8637 1214.367 1670.637 1623.276 1621.25 1100.629 962.6916 1015.932 735.7303 715.476 627.9296 539.3458 167.5046 99.81144 -9999 72.89845 370.3381 66.79103 -9999 31.62403 328.4556 170.1445 429.9202 551.2236 552.4302 531.7985 456.6422 366.1004 308.101 258.2388 273.5694 326.7375 317.1719 322.7374 368.7385 477.541 415.567 389.8021 460.4727 472.6258 487.6742 446.0246 529.2566 609.7916 500.1912 595.2719 568.3459 429.9267
-9999 26.09919 0 0 0 0 0 416.3605 560.1984 589.4655 573.4226 639.3521 567.8306 449.2775 357.2378 426.7515 523.0408 957.8751 1376.023 2047.503 3085.907 2978.653 1649.508 1094.656 824.0096 792.6127 575.5494 506.2933 510.0939 532.4793 90.34409 55.67064 11.4975 -9999 225.3076 318.9641 36.09486 302.1508 314.6797 340.7614 353.285 409.1273 766.408 823.7185 548.1954 426.8899 333.4284 252.2558 244.424 298.5832 333.3654 353.1304 393.9792 482.4855 526.4388 338.2807 420.1019 470.1364 550.598 456.1029 489.0294 524.4875 474.0263 489.3011 499.289 320.0706
18.9626 0 0 0 0 0 0 585.4103 670.8164 690.3251 681.5724 629.8407 597.9473 494.4271 399.3494 495.1422 613.8619 999.7852 1777.521 2003.766 3179.236 4106.657 2581.846 1329.584 800.8554 669.5307 556.1569 513.0079 633.3553 693.5804 299.2006 -9999 104.1394 184.1759 42.3987 348.6566 348.0545 333.3723 335.9226 378.9549 354.723 383.3646 552.3726 601.0001 488.9344 338.2697 303.6208 258.1225 247.2761 250.0469 295.0641 345.2336 441.3047 392.8377 450.8067 288.8625 346.7051 500.2458 618.6212 483.7213 555.6396 610.8368 444.1145 453.8423 484.1194 315.7083
0 0 0 0 0 0 0 608.291 642.0029 654.8754 575.1713 585.0259 647.9567 698.4053 684.4955 621.8419 681.0668 751.1851 911.7817 1469.75 2290.701 2524.444 2188.731 1377.393 877.6455 715.1952 604.9968 553.439 718.8597 407.0883 102.3986 -9999 11.48731 339.7964 -9999 232.8946 390.1656 381.514 464.6221 543.6624 454.7311 404.7213 409.9937 485.9801 510.8289 325.6051 278.7165 278.7945 263.9335 323.4948 409.1392 436.0332 441.8204 385.6999 305.367 285.8248 368.2991 454.942 480.4126 489.5284 542.2345 540.3619 507.2983 524.9701 606.2985 358.6002
0 0 0 0 0 0 0 659.9521 718.7405 722.1894 676.9759 701.3659 741.1254 824.0771 890.2498 700.1766 636.6601 573.9807 782.0164 891.7402 1465.342 1293.21 1271.517 1165.805 922.6622 700.8964 614.9246 532.5172 554.522 447.6359 660.0764 491.5021 115.4011 662.4005 36.25878 161.0912 494.2588 790.351 691.5251 755.5013 485.0261 403.0779 430.3365 445.3183 428.434 294.0448 275.2292 331.6171 320.5432 413.0927 500.6964 600.9105 582.6594 392.4339 266.1699 279.3568 441.4194 564.5035 511.1715 486.9032 578.5063 614.1984 649.5728 552.298 376.8229 270.7001
0 0 0 0 0 0 51.58107 672.7515 672.9453 654.0306 708.3914 734.2459 816.8378 576.4761 460.0974 523.4634 518.6506 434.8698 619.9985 826.765 1318.614 916.2527 563.5112 584.2203 662.9266 761.7935 693.1043 843.165 823.3436 758.4145 984.6378 779.202 512.616 519.5228 -9999 183.1905 1081.158 940.3319 935.8683 790.3898 412.1914 404.0958 454.0685 484.5074 601.5895 394.2047 263.476 289.0186 243.2327 351.1559 387.705 450.1722 408.815 321.5114 254.8993 286.3051 367.0913 445.8151 671.7388 465.4034 482.1839 546.2836 589.171 526.9189 241.1013 248.9682
0 0 0 0 0 21.67416 456.3443 753.0304 642.1458 825.6318 794.9561 1020.613 949.3721 603.774 441.5564 417.5804 559.4893 459.4582 571.0185 713.9949 1203.582 903.437 575.799 542.6912 771.3683 680.8591 837.7473 839.5082 790.8214 712.4161 892.1238 1004.907 759.5938 287.6465 -9999 348.0742 823.8448 854.7026 1090.252 891.1431 456.8279 370.488 387.2823 387.4183 500.71 505.9762 258.2176 254.7016 231.699 207.9583 229.7214 305.8992 376.8647 279.6892 237.9296 246.9675 253.9701 270.3564 315.8405 500.1058 502.8888 531.3411 432.2395 262.841 319.0918 328.4146
0 0 0 0 5.533555 333.2565 734.694 708.6921 694.2335 846.0936 1185.574 1671.563 1223.354 590.2659 437.724 417.254 623.9741 512.1198 463.4369 464.0448 882.2345 880.8998 597.5327 475.5541 586.6343 701.564 781.2562 805.9264 732.6981 588.3235 606.8311 760.5668 734.5453 290.5742 104.7867 501.7831 673.5143 766.2132 783.141 631.6666 417.9394 391.2759 355.597 372.9885 529.5116 660.6254 305.8887 317.794 317.4283 215.8931 200.6431 262.3852 353.1055 347.9899 289.5243 252.6318 337.3644 310.0607 375.0305 448.2397 538.7726 482.0703 546.0576 287.7437 325.0349 273.3454
251.2545 312.5978 265.9351 214.3443 348.0672 551.1132 587.2727 613.3212 610.3194 743.7589 1174.894 1828.275 1096.138 707.0585 480.4158 422.5638 494.9701 383.9105 355.3156 364.2046 674.6759 616.5416 499.9051 455.3922 501.8644 621.2676 718.179 895.3842 779.6667 612.7978 686.7172 714.7542 626.8885 462.6888 441.1739 496.1682 613.8024 831.8667 679.6816 517.1788 488.7915 553.071 453.9112 396.0959 384.2152 394.8802 343.5877 355.2789 481.4112 281.1043 196.4276 196.4204 249.7572 275.2917 399.6296 465.3535 561.0497 471.6985 492.5587 330.6118 384.7888 457.5508 579.0151 607.6409 350.6584 306.0811
846.7162 831.1635 794.1747 682.9476 622.0955 642.1683 571.7682 620.8737 791.3007 813.0101 898.4711 1167.776 726.6768 610.7643 492.5785 342.9523 336.8151 379.4883 368.8322 345.4132 683.7408 518.6366 480.1856 491.2978 529.2928 560.1894 588.6394 558.9267 583.5721 630.0229 750.0425 737.774 667.2451 625.0385 507.6367 578.5556 621.0961 806.734 547.5751 442.1016 524.1174 718.7903 537.7689 402.6223 345.1706 346.5446 353.4299 349.8906 549.4018 413.9185 223.3999 275.5028 306.624 307.6639 430.9096 524.4992 625.2139 670.7985 626.1602 349.4981 308.639 357.3537 740.4149 1004.89 535.4171 443.2501
871.9218 801.4921 803.4888 744.1782 738.3592 671.0191 594.0826 714.6755 904.1261 792.5583 493.2306 536.8038 454.6525 417.9021 420.5524 334.526 343.5095 444.0786 464.6266 378.2176 840.0654 565.1967 438.0317 594.7305 746.8833 678.0747 737.803 599.8441 537.491 534.3462 666.241 699.8895 726.8728 753.1902 575.1088 691.6314 669.3809 575.3039 517.2482 472.3141 475.6907 508.068 441.6068 380.0358 324.7397 328.5835 350.9937 355.4605 418.235 357.8065 367.7354 396.2809 499.5279 472.7106 361.2572 479.5874 515.3464 674.8583 421.7106 311.899 312.8771 367.5876 627.2318 779.5892 768.7262 596.4893
