GIS/1km/rwa_sector.asc
ncols         228
nrows         199
xllcorner     706432.07875708
yllcorner     9685757.4539168
cellsize      1000
NODATA_value  -9999
[rows 120 to 159 of 199, columns 90 to 179 of 228]
110 110 110 110 105 105 105 105 105 105 124 124 124 124 109 109 109 109 109 109 109 109 109 109 109 107 132 132 132 132 132 132 129 129 129 129 129 129 407 407 410 410 410 410 411 411 411 411 411 411 411 411 411 411 413 413 413 413 413 403 403 403 403 403 403 403 403 325 325 398 398 398 398 398 393 393 393 393 393 393 393 393 393 393 401 401 390 390 390 390
110 110 110 110 105 105 105 105 105 105 105 105 124 124 109 109 109 109 109 109 109 109 109 109 109 107 107 107 132 132 132 129 129 129 129 129 129 129 407 407 407 411 411 411 411 411 411 411 411 411 411 411 411 411 411 413 413 413 413 413 403 403 403 403 403 403 403 398 398 398 398 398 398 398 398 393 393 393 393 393 393 393 393 393 401 401 401 390 390 390
110 110 110 110 110 105 105 105 105 105 105 105 105 105 105 109 109 109 109 109 109 109 109 109 107 107 107 107 107 132 129 129 129 129 129 129 407 407 407 407 407 411 411 411 411 411 411 411 411 411 411 411 411 411 411 413 413 413 413 413 413 403 413 413 403 403 403 403 398 398 398 398 398 398 393 393 393 393 393 393 393 401 393 401 401 401 390 390 390 390
110 110 110 110 110 105 105 105 105 105 105 105 105 105 109 109 109 109 109 109 109 109 109 107 107 107 107 107 107 107 129 129 129 129 129 407 407 407 407 407 407 407 411 411 411 411 411 411 411 411 411 411 406 406 406 413 413 413 413 413 413 413 413 413 413 403 403 398 398 398 398 398 398 398 -9999 401 401 401 401 393 393 401 401 401 401 401 390 390 390 390
108 110 110 110 110 110 105 105 105 105 105 105 105 105 105 109 109 109 109 109 109 109 107 107 107 107 107 107 107 107 129 129 129 129 129 129 407 407 407 407 407 407 407 411 411 411 411 411 411 411 411 411 406 406 406 406 413 413 413 413 413 413 413 413 413 413 403 398 398 398 398 398 398 398 398 398 401 401 401 401 401 401 401 401 401 401 401 390 390 390
108 110 110 110 110 105 105 105 105 105 105 105 105 105 105 109 109 109 109 109 109 107 107 107 107 107 107 107 107 107 107 129 129 129 129 407 407 407 407 407 407 407 407 411 411 411 411 411 411 411 411 406 406 406 406 406 413 413 413 413 413 413 413 413 402 402 402 398 398 398 398 398 398 398 398 398 398 401 401 401 401 401 401 401 401 401 390 390 390 388
108 110 110 110 110 110 105 104 105 105 112 112 112 112 112 105 109 109 109 109 109 111 107 107 107 107 107 107 107 107 107 107 129 129 129 129 407 407 407 407 407 407 407 407 411 411 411 411 411 411 406 406 406 406 406 406 413 413 413 413 413 413 413 413 402 402 402 398 398 398 398 398 398 398 398 398 398 398 398 401 401 401 401 401 401 401 388 388 388 388
108 108 110 110 110 104 104 104 104 112 112 112 112 112 112 112 112 112 109 109 109 111 107 107 107 107 107 107 107 107 107 107 129 129 129 129 407 407 407 407 407 407 407 407 407 411 407 407 406 406 406 406 406 406 406 406 413 413 413 413 413 413 413 413 402 402 402 402 398 398 398 398 398 398 398 398 398 398 400 398 401 401 401 401 401 401 388 388 388 388
108 104 104 110 104 104 104 104 112 112 112 112 112 112 112 112 112 112 112 112 111 111 111 107 107 111 107 107 107 107 107 107 107 107 129 129 407 407 407 407 407 407 407 407 407 407 407 407 406 406 406 406 406 406 406 406 413 413 413 413 413 413 413 402 402 402 402 402 398 398 398 398 398 415 398 398 398 398 400 400 401 401 401 401 400 388 388 388 388 388
108 108 104 104 104 104 104 104 112 112 112 112 112 112 112 112 112 112 112 112 111 111 111 111 111 111 111 107 107 107 107 107 107 107 107 107 407 407 407 407 407 407 407 407 407 407 407 406 406 406 406 406 406 406 406 406 406 406 413 413 413 413 402 402 402 402 402 402 402 402 415 415 415 398 398 398 398 400 400 400 400 400 400 400 400 388 388 388 388 388
108 108 104 104 104 104 104 104 112 112 112 112 112 112 112 112 112 112 112 112 111 111 111 111 111 111 111 111 107 107 107 107 107 107 107 107 416 407 407 407 407 407 407 407 407 407 407 406 406 406 406 406 406 406 406 406 406 406 413 413 413 402 402 402 402 402 402 402 402 402 415 415 415 415 415 389 -9999 400 400 400 400 400 400 400 400 400 400 400 388 391
108 108 104 104 104 104 104 104 104 104 104 112 112 112 112 112 112 112 112 112 111 111 111 111 111 111 111 111 111 107 107 107 107 107 107 107 416 416 416 407 407 407 405 405 405 407 407 406 406 406 406 406 406 406 406 406 406 406 406 413 413 402 402 402 402 402 402 402 402 402 415 415 415 415 415 389 -9999 400 400 400 400 400 400 400 400 400 400 400 391 391
104 104 104 104 104 104 104 104 104 104 112 112 112 112 112 112 112 112 112 112 111 111 111 111 111 111 37 37 111 37 37 37 37 37 37 37 416 416 416 416 405 405 405 405 405 405 405 405 405 405 406 406 406 406 406 406 406 406 406 406 402 402 402 402 402 402 402 402 402 402 415 415 415 415 415 389 389 389 -9999 400 400 400 400 400 400 400 400 400 391 391
104 104 104 41 41 41 41 41 41 112 112 112 112 112 112 112 112 112 112 112 111 111 111 111 111 111 111 37 37 37 37 37 37 37 37 416 416 416 416 416 405 405 405 405 405 405 405 405 405 405 409 409 406 406 406 406 406 406 406 406 406 402 402 402 402 402 402 402 402 402 415 415 415 415 415 389 389 389 389 400 400 400 400 400 400 400 400 400 391 391
104 104 104 41 41 41 41 41 41 41 112 112 112 112 112 112 112 112 112 111 111 111 111 111 111 111 111 37 37 37 37 37 37 37 37 416 416 416 416 416 405 405 405 405 405 405 405 405 405 409 409 409 406 406 406 406 406 406 406 406 406 402 402 402 402 402 402 402 402 402 415 415 415 415 415 389 389 389 389 389 389 389 389 389 400 400 400 391 395 395
38 104 104 41 41 41 41 41 41 41 41 112 112 112 112 40 40 40 112 111 111 111 111 111 111 111 111 37 37 37 37 37 37 37 416 416 416 416 416 416 405 405 405 405 405 405 405 409 409 409 409 409 409 406 406 406 406 406 406 406 406 402 402 402 402 402 402 402 402 415 415 415 415 415 415 389 389 389 389 389 389 389 389 389 389 389 400 395 395 395
38 38 41 41 41 41 41 41 41 41 41 41 112 112 112 40 40 40 40 111 111 111 111 111 111 111 111 111 37 37 37 37 37 37 416 416 416 416 412 412 412 405 405 405 405 405 405 409 409 409 409 409 409 406 406 406 406 406 406 406 406 402 402 402 402 402 402 402 402 415 415 415 415 415 389 389 389 389 389 389 389 389 389 389 389 389 395 395 395 395
38 38 41 41 41 41 41 41 41 41 41 41 41 40 40 40 40 40 40 40 40 111 40 40 40 40 40 37 37 37 37 37 37 37 412 416 416 416 416 412 412 405 405 405 405 405 405 409 409 409 409 409 409 409 406 406 406 406 406 406 406 402 402 402 402 402 402 415 415 415 415 415 415 415 389 389 389 389 389 389 389 389 389 389 389 389 395 395 395 395
38 38 41 41 41 41 41 41 41 41 41 41 41 40 40 40 40 40 40 40 40 40 40 40 40 40 37 37 37 37 37 37 37 412 412 412 412 412 412 412 412 412 405 405 414 414 414 414 409 409 409 409 409 409 406 406 406 406 406 406 402 402 402 402 402 415 415 415 415 415 415 415 415 415 389 389 389 389 389 389 389 389 389 389 389 395 395 395 395 395
38 38 41 41 41 41 41 41 41 41 41 41 40 40 40 40 40 40 40 40 40 40 40 40 40 37 37 37 37 37 37 37 37 412 412 412 412 412 412 412 412 414 414 414 414 414 414 414 409 409 409 409 409 409 406 406 406 406 406 406 415 402 415 402 402 415 415 415 415 415 415 415 415 415 415 415 389 389 389 389 389 389 389 389 395 395 395 395 395 395
38 38 38 41 41 41 41 41 41 41 41 40 40 40 40 40 40 42 42 40 42 42 42 42 42 37 37 37 37 37 37 37 37 412 412 412 412 412 412 412 412 414 414 414 414 414 414 414 409 409 409 409 409 409 406 406 406 406 406 406 415 415 415 415 415 415 415 415 415 415 415 415 415 415 415 415 389 389 389 389 389 -9999 -9999 -9999 395 395 395 -9999 395 395
38 38 38 41 41 41 45 41 41 41 40 40 40 40 40 40 40 42 42 42 42 42 42 42 42 42 37 37 37 37 39 39 39 412 412 412 412 412 412 414 414 414 414 414 414 414 414 414 409 409 409 409 409 404 406 406 406 406 406 406 415 415 415 415 415 415 415 415 415 415 415 -9999 -9999 -9999 -9999 415 415 389 389 389 -9999 -9999 -9999 -9999 -9999 395 -9999 -9999 -9999 376
38 38 45 45 41 45 45 41 36 36 36 36 40 40 40 40 40 42 42 42 42 42 42 42 42 42 42 37 37 39 39 39 -9999 -9999 -9999 412 412 412 412 414 414 414 414 414 414 414 414 414 409 409 409 409 404 404 406 406 406 415 415 406 415 415 415 415 415 415 415 415 415 415 415 -9999 -9999 -9999 415 415 415 389 389 -9999 -9999 -9999 -9999 -9999 -9999 -9999 -9999 -9999 -9999 376
45 45 45 45 45 45 45 36 36 36 36 36 36 36 36 42 42 42 42 42 42 42 42 42 42 42 39 39 39 39 39 39 -9999 -9999 -9999 -9999 -9999 412 -9999 414 414 414 414 414 409 409 409 409 409 409 409 409 404 404 406 406 415 415 415 415 415 415 415 415 415 415 415 415 415 415 415 -9999 -9999 -9999 -9999 415 415 389 389 -9999 -9999 -9999 -9999 -9999 -9999 -9999 -9999 -9999 376 376
45 45 45 45 45 45 45 45 36 36 36 36 36 36 36 42 42 42 42 42 42 42 42 42 42 42 39 39 39 39 39 39 -9999 -9999 -9999 -9999 -9999 -9999 -9999 -9999 -9999 414 409 409 409 409 409 409 409 409 409 404 404 404 404 415 415 415 415 415 415 415 -9999 415 415 415 415 415 415 415 415 -9999 -9999 -9999 -9999 -9999 415 415 389 -9999 -9999 -9999 -9999 -9999 -9999 -9999 -9999 -9999 -9999 -9999
44 45 45 45 45 45 45 36 36 36 36 36 36 36 42 42 42 42 42 42 42 42 42 42 42 39 39 39 39 39 39 39 -9999 -9999 -9999 -9999 -9999 -9999 -9999 -9999 -9999 -9999 -9999 409 409 409 409 409 409 409 404 404 404 404 404 415 415 415 415 415 415 -9999 -9999 -9999 415 415 415 415 415 415 415 -9999 -9999 -9999 -9999 -9999 -9999 -9999 -9999 -9999 -9999 -9999 -9999 -9999 -9999 -9999 -9999 -9999 -9999 -9999
44 45 45 45 45 36 36 36 36 36 36 36 36 36 42 42 42 42 42 42 42 42 42 42 39 39 39 39 39 39 39 -9999 -9999 -9999 -9999 -9999 -9999 -9999 -9999 -9999 -9999 -9999 -9999 409 409 409 409 409 409 404 404 404 404 404 404 404 415 415 415 415 415 -9999 -9999 -9999 -9999 415 415 415 415 415 415 -9999 -9999 -9999 -9999 -9999 -9999 -9999 -9999 -9999 -9999 -9999 -9999 -9999 -9999 -9999 -9999 -9999 -9999 -9999
44 44 45 45 45 45 36 36 36 36 36 36 36 77 77 42 42 42 42 42 42 42 42 39 39 39 39 39 39 39 39 -9999 -9999 -9999 -9999 -9999 -9999 -9999 -9999 -9999 -9999 -9999 -9999 -9999 409 409 409 409 404 404 404 404 404 404 404 404 404 404 415 415 415 -9999 -9999 -9999 -9999 -9999 -9999 -9999 -9999 -9999 -9999 -9999 -9999 -9999 -9999 -9999 -9999 -9999 -9999 -9999 -9999 -9999 -9999 -9999 -9999 -9999 -9999 -9999 -9999 -9999
44 44 45 45 45 45 36 36 36 36 36 77 77 77 77 77 42 43 42 42 42 39 39 39 39 39 39 39 39 39 39 39 -9999 -9999 -9999 -9999 -9999 -9999 -9999 -9999 -9999 -9999 -9999 -9999 -9999 409 409 404 404 404 404 404 404 404 404 404 404 404 415 415 -9999 -9999 -9999 -9999 -9999 -9999 -9999 -9999 -9999 -9999 -9999 -9999 -9999 -9999 -9999 -9999 -9999 -9999 -9999 -9999 -9999 -9999 -9999 -9999 -9999 -9999 -9999 -9999 -9999 -9999
44 44 84 45 45 45 45 36 36 77 77 77 77 77 77 77 43 43 43 43 39 39 39 39 39 39 39 39 39 39 39 39 -9999 -9999 -9999 -9999 -9999 -9999 -9999 -9999 -9999 -9999 -9999 -9999 -9999 409 409 404 404 404 404 404 404 404 404 404 404 404 404 -9999 -9999 -9999 -9999 -9999 -9999 -9999 -9999 -9999 -9999 -9999 -9999 -9999 -9999 -9999 -9999 -9999 -9999 -9999 -9999 -9999 -9999 -9999 -9999 -9999 -9999 -9999 -9999 -9999 -9999 -9999
44 84 84 45 45 45 84 36 77 77 77 77 77 77 77 77 77 77 43 43 39 39 39 39 39 39 39 39 39 39 43 43 -9999 -9999 -9999 -9999 -9999 -9999 -9999 -9999 -9999 -9999 -9999 -9999 -9999 -9999 404 404 404 404 404 404 404 404 404 404 404 404 404 -9999 -9999 -9999 -9999 -9999 -9999 -9999 -9999 -9999 -9999 -9999 -9999 -9999 -9999 -9999 -9999 -9999 -9999 -9999 -9999 -9999 -9999 -9999 -9999 -9999 -9999 -9999 -9999 -9999 -9999 -9999
44 84 84 84 84 84 84 84 77 77 77 77 77 77 77 77 77 77 43 43 43 39 39 39 39 39 39 39 39 43 43 51 -9999 -9999 -9999 -9999 -9999 -9999 -9999 -9999 -9999 -9999 -9999 -9999 -9999 -9999 -9999 404 404 404 404 404 404 404 404 404 404 404 -9999 -9999 -9999 -9999 -9999 -9999 -9999 -9999 -9999 -9999 -9999 -9999 -9999 -9999 -9999 -9999 -9999 -9999 -9999 -9999 -9999 -9999 -9999 -9999 -9999 -9999 -9999 -9999 -9999 -9999 -9999 -9999
84 84 84 84 84 84 84 84 84 77 77 77 77 77 77 77 77 77 43 43 43 39 39 43 43 43 43 43 43 43 43 51 -9999 -9999 -9999 -9999 -9999 -9999 -9999 -9999 -9999 -9999 -9999 -9999 -9999 -9999 -9999 -9999 -9999 404 404 404 404 404 404 404 -9999 404 -9999 -9999 -9999 -9999 -9999 -9999 -9999 -9999 -9999 -9999 -9999 -9999 -9999 -9999 -9999 -9999 -9999 -9999 -9999 -9999 -9999 -9999 -9999 -9999 -9999 -9999 -9999 -9999 -9999 -9999 -9999 -9999
84 84 84 84 84 84 84 84 84 77 77 83 77 77 77 77 77 43 43 43 43 43 43 43 43 43 43 43 43 43 51 51 51 -9999 -9999 -9999 -9999 -9999 -9999 -9999 -9999 -9999 -9999 -9999 -9999 -9999 -9999 -9999 -9999 -9999 -9999 404 404 -9999 -9999 -9999 -9999 -9999 -9999 -9999 -9999 -9999 -9999 -9999 -9999 -9999 -9999 -9999 -9999 -9999 -9999 -9999 -9999 -9999 -9999 -9999 -9999 -9999 -9999 -9999 -9999 -9999 -9999 -9999 -9999 -9999 -9999 -9999 -9999 -9999
84 84 84 84 84 84 84 84 84 83 83 83 83 77 77 77 77 43 43 43 43 43 43 43 43 43 43 43 43 51 51 51 51 -9999 -9999 -9999 -9999 -9999 -9999 -9999 -9999 -9999 -9999 -9999 -9999 -9999 -9999 -9999 -9999 -9999 -9999 -9999 -9999 -9999 -9999 -9999 -9999 -9999 -9999 -9999 -9999 -9999 -9999 -9999 -9999 -9999 -9999 -9999 -9999 -9999 -9999 -9999 -9999 -9999 -9999 -9999 -9999 -9999 -9999 -9999 -9999 -9999 -9999 -9999 -9999 -9999 -9999 -9999 -9999 -9999
76 84 76 76 84 84 84 84 84 83 83 83 83 83 77 77 77 77 43 43 43 43 43 43 43 43 43 46 51 51 51 51 51 -9999 -9999 -9999 -9999 -9999 -9999 -9999 -9999 -9999 -9999 -9999 -9999 -9999 -9999 -9999 -9999 -9999 -9999 -9999 -9999 -9999 -9999 -9999 -9999 -9999 -9999 -9999 -9999 -9999 -9999 -9999 -9999 -9999 -9999 -9999 -9999 -9999 -9999 -9999 -9999 -9999 -9999 -9999 -9999 -9999 -9999 -9999 -9999 -9999 -9999 -9999 -9999 -9999 -9999 -9999 -9999 -9999
76 76 76 76 84 84 84 84 84 83 83 83 83 83 77 77 83 83 83 83 46 46 46 46 46 46 46 51 51 51 51 51 51 -9999 -9999 -9999 -9999 -9999 -9999 -9999 -9999 -9999 -9999 -9999 -9999 -9999 -9999 -9999 -9999 -9999 -9999 -9999 -9999 -9999 -9999 -9999 -9999 -9999 -9999 -9999 -9999 -9999 -9999 -9999 -9999 -9999 -9999 -9999 -9999 -9999 -9999 -9999 -9999 -9999 -9999 -9999 -9999 -9999 -9999 -9999 -9999 -9999 -9999 -9999 -9999 -9999 -9999 -9999 -9999 -9999
76 76 85 85 84 84 84 82 83 83 83 83 83 83 83 83 83 83 83 46 46 46 46 46 46 46 46 51 51 51 51 51 51 -9999 -9999 -9999 -9999 -9999 -9999 -9999 -9999 -9999 -9999 -9999 -9999 -9999 -9999 -9999 -9999 -9999 -9999 -9999 -9999 -9999 -9999 -9999 -9999 -9999 -9999 -9999 -9999 -9999 -9999 -9999 -9999 -9999 -9999 -9999 -9999 -9999 -9999 -9999 -9999 -9999 -9999 -9999 -9999 -9999 -9999 -9999 -9999 -9999 -9999 -9999 -9999 -9999 -9999 -9999 -9999 -9999
76 85 85 85 84 82 82 82 82 83 83 83 83 83 83 83 83 83 46 46 46 46 46 46 46 46 46 51 51 51 51 51 51 -9999 -9999 -9999 -9999 -9999 -9999 -9999 -9999 -9999 -9999 -9999 -9999 -9999 -9999 -9999 -9999 -9999 -9999 -9999 -9999 -9999 -9999 -9999 -9999 -9999 -9999 -9999 -9999 -9999 -9999 -9999 -9999 -9999 -9999 -9999 -9999 -9999 -9999 -9999 -9999 -9999 -9999 -9999 -9999 -9999 -9999 -9999 -9999 -9999 -9999 -9999 -9999 -9999 -9999 -9999 -9999 -9999
85 85 85 85 82 82 82 82 82 82 83 83 83 83 83 83 46 46 46 46 46 46 46 46 46 46 46 51 51 51 51 51 51 -9999 -9999 -9999 -9999 -9999 -9999 -9999 -9999 -9999 -9999 -9999 -9999 -9999 -9999 -9999 -9999 -9999 -9999 -9999 -9999 -9999 -9999 -9999 -9999 -9999 -9999 -9999 -9999 -9999 -9999 -9999 -9999 -9999 -9999 -9999 -9999 -9999 -9999 -9999 -9999 -9999 -9999 -9999 -9999 -9999 -9999 -9999 -9999 -9999 -9999 -9999 -9999 -9999 -9999 -9999 -9999 -9999
