GIS/1km/rwa_sector.asc
ncols         228
nrows         199
xllcorner     706432.07875708
yllcorner     9685757.4539168
cellsize      1000
NODATA_value  -9999
[rows 40 to 79 of 199, columns 90 to 179 of 228]
288 288 288 296 296 296 286 296 296 296 291 -9999 291 293 293 293 285 285 285 285 285 285 285 294 -9999 -9999 -9999 -9999 -9999 -9999 -9999 -9999 -9999 -9999 -9999 -9999 -9999 -9999 -9999 -9999 -9999 -9999 -9999 -9999 307 307 307 340 340 340 340 340 340 340 336 336 336 336 336 336 336 336 336 336 336 336 346 346 346 345 345 345 345 345 338 338 338 338 338 338 338 338 338 338 338 338 338 338 338 338
288 288 288 296 296 296 296 296 296 296 296 -9999 -9999 293 293 293 293 285 285 285 285 285 285 285 -9999 -9999 -9999 -9999 -9999 -9999 -9999 -9999 -9999 -9999 -9999 -9999 -9999 -9999 -9999 -9999 -9999 -9999 -9999 -9999 307 307 317 317 340 340 340 340 340 340 340 336 336 336 336 336 336 343 343 336 336 346 346 346 346 345 345 339 339 339 338 338 338 338 338 338 338 338 338 338 338 338 338 338 338 338
288 288 288 288 296 296 296 292 296 296 -9999 -9999 -9999 293 293 293 293 299 299 299 285 285 285 285 294 -9999 -9999 -9999 -9999 -9999 -9999 -9999 -9999 -9999 -9999 -9999 -9999 -9999 -9999 307 307 307 -9999 -9999 307 307 317 317 340 340 340 340 340 340 340 336 336 336 336 343 343 343 343 343 343 343 346 342 345 345 345 339 339 339 339 339 338 339 338 338 338 338 338 338 338 338 338 338 338 338
288 288 288 288 296 296 296 292 292 -9999 296 -9999 -9999 293 -9999 299 299 299 299 299 299 285 285 285 294 -9999 -9999 -9999 -9999 -9999 -9999 -9999 -9999 -9999 -9999 -9999 -9999 -9999 315 304 307 307 307 307 307 317 317 317 317 340 340 340 340 340 340 336 336 343 343 343 343 343 343 343 343 343 342 342 345 345 345 345 339 339 339 339 339 339 338 338 338 338 338 338 338 338 338 338 338 338
288 288 288 288 288 296 292 292 292 292 296 296 -9999 293 -9999 299 299 299 299 299 299 285 285 294 294 -9999 -9999 -9999 -9999 -9999 -9999 -9999 -9999 -9999 -9999 -9999 -9999 315 315 304 307 307 307 307 307 317 317 317 317 340 340 340 340 340 340 340 336 343 343 343 343 342 342 342 342 342 342 342 339 339 339 339 339 339 339 339 339 339 338 338 338 338 338 338 338 338 338 338 338 338
270 288 288 288 288 288 292 292 292 292 292 296 -9999 290 299 299 299 299 299 299 299 299 294 294 294 294 -9999 -9999 -9999 -9999 -9999 -9999 -9999 -9999 -9999 -9999 315 315 304 304 307 307 307 310 310 317 317 317 317 317 340 340 340 340 340 336 336 336 343 343 342 342 342 342 342 342 342 339 339 339 339 339 339 339 339 339 339 338 338 338 338 338 338 338 338 338 338 338 338 338
270 270 270 271 288 292 292 292 292 292 -9999 292 -9999 290 290 299 299 299 299 299 299 299 299 294 294 294 294 -9999 -9999 -9999 -9999 -9999 -9999 -9999 284 284 315 315 304 304 307 307 307 307 310 310 317 310 317 317 317 340 340 340 340 340 343 343 343 342 342 342 342 342 342 342 342 339 339 339 339 339 339 339 339 339 339 338 338 338 338 338 338 338 338 338 338 338 338 338
270 270 270 271 271 292 292 292 292 292 292 292 -9999 -9999 290 299 299 299 299 300 299 299 299 300 294 294 294 -9999 -9999 -9999 -9999 294 284 284 284 315 315 315 304 304 307 307 307 307 310 310 310 310 317 317 317 340 343 340 343 343 343 343 343 342 342 342 342 342 342 342 342 339 339 339 339 339 339 339 339 339 339 338 338 338 338 338 338 338 338 338 338 338 353 338
270 270 271 271 271 271 292 292 292 292 290 290 -9999 290 290 287 287 299 299 300 299 300 300 300 300 294 294 294 -9999 294 294 294 284 284 284 315 315 315 304 304 304 307 307 310 310 310 310 310 310 317 317 340 340 343 343 343 343 343 342 342 342 342 342 342 342 342 342 339 339 339 339 339 339 339 339 339 339 338 338 338 338 338 338 338 338 338 353 353 353 338
270 270 271 271 271 271 271 292 -9999 272 290 290 -9999 290 290 287 287 299 299 300 300 300 300 300 300 294 294 294 294 294 294 294 284 284 284 315 315 315 304 304 304 310 307 310 310 310 310 310 310 317 317 317 317 343 343 343 343 343 343 342 342 342 342 342 342 359 359 339 339 339 339 339 339 339 339 339 339 338 338 338 338 338 338 353 353 353 353 353 353 353
270 271 271 271 271 271 271 272 272 -9999 290 290 290 290 290 290 287 287 287 300 300 300 300 300 300 300 294 294 294 294 294 294 284 284 284 315 315 304 304 304 304 310 310 310 321 321 310 310 310 317 317 317 317 343 343 343 343 343 343 342 360 342 360 359 359 359 359 359 339 339 339 339 339 339 339 339 338 338 338 338 338 338 338 353 353 353 353 353 353 353
276 271 271 271 271 271 271 -9999 272 272 272 290 290 290 290 290 287 287 287 287 300 300 300 300 300 300 289 289 289 289 289 289 284 284 284 284 284 304 304 304 308 310 310 310 321 321 310 310 317 317 317 317 317 343 343 343 343 343 343 360 360 360 360 359 359 359 359 359 339 339 339 339 339 339 353 353 338 338 338 338 338 338 338 353 353 353 353 353 353 353
276 271 271 271 271 281 281 -9999 272 272 -9999 290 290 290 290 290 287 287 287 287 300 300 300 300 300 300 300 289 289 289 289 289 284 284 284 284 308 308 308 308 308 310 310 310 310 321 321 321 317 317 317 317 317 343 343 343 343 343 343 360 360 360 360 359 359 359 359 359 359 339 339 339 339 339 353 353 338 338 338 338 338 338 338 353 353 353 353 353 353 353
271 271 271 271 271 281 281 281 272 272 272 290 290 290 290 297 297 287 287 287 287 300 300 300 300 300 300 289 289 289 289 289 284 284 308 308 308 308 308 308 303 303 310 321 310 321 321 321 321 302 317 317 317 343 302 302 302 360 360 360 360 360 360 359 359 359 359 359 359 359 339 339 339 353 353 353 338 338 338 338 338 338 353 353 353 353 353 353 353 353
282 271 271 271 281 281 281 281 281 272 -9999 297 297 297 297 297 297 287 287 287 287 300 300 300 300 298 298 298 298 289 289 289 289 308 308 308 308 308 308 308 303 303 303 321 321 321 321 321 321 321 302 317 302 302 302 302 302 360 360 360 360 360 360 360 359 359 359 359 359 359 359 359 359 353 353 353 338 338 338 338 338 338 353 353 353 353 353 353 353 363
282 282 282 282 281 281 281 281 272 272 -9999 297 297 297 297 297 297 297 287 287 295 295 300 300 298 298 298 298 298 298 289 289 289 289 308 308 308 308 308 303 303 303 303 321 321 321 321 321 321 321 302 302 302 302 302 302 360 360 360 360 360 360 360 360 359 359 359 359 359 359 359 359 353 353 353 353 338 338 338 338 338 353 353 353 353 353 353 353 353 363
282 282 282 282 281 281 281 281 272 272 272 297 297 297 297 297 297 297 297 295 295 295 300 300 300 298 298 298 298 298 298 289 289 289 289 289 308 308 308 303 303 303 303 303 321 321 321 321 321 302 302 302 302 302 302 302 360 360 360 360 360 360 360 359 359 359 359 359 359 359 359 359 353 353 353 353 353 353 353 353 353 353 353 353 353 353 353 353 353 363
282 282 252 282 252 281 281 281 272 272 256 256 256 297 297 297 297 297 297 295 295 295 295 295 295 298 298 298 298 298 298 298 289 289 289 289 289 308 308 303 303 303 303 303 303 321 321 321 321 302 302 302 302 302 302 302 360 360 360 360 360 360 360 360 359 359 359 359 359 359 359 353 353 353 353 353 353 353 353 353 353 353 353 353 353 353 353 353 353 363
282 282 252 252 252 252 281 281 272 272 258 256 256 256 256 256 256 256 256 295 295 295 295 295 295 298 298 298 298 298 298 298 309 289 289 289 314 308 314 314 303 303 303 303 303 303 303 302 302 302 302 316 302 302 302 302 360 360 360 360 360 360 360 360 351 351 351 351 359 359 353 353 353 353 353 353 353 353 353 353 353 353 353 353 353 353 353 353 353 363
282 252 252 252 252 252 258 272 272 272 258 256 256 256 256 256 256 256 256 256 295 295 295 295 295 295 298 298 298 298 298 298 309 309 289 314 314 314 314 314 314 303 303 303 303 303 303 316 302 316 316 316 316 302 302 302 360 360 360 360 351 351 360 360 351 351 351 351 351 351 353 353 353 353 353 353 353 353 353 353 353 353 353 353 353 353 353 353 353 363
282 252 252 252 252 252 252 258 258 258 258 258 256 256 256 256 256 256 256 254 254 295 295 295 295 295 298 298 298 298 298 298 309 309 314 314 314 314 314 314 314 303 303 303 303 303 303 316 316 316 316 316 316 302 302 302 319 360 360 360 360 351 351 351 351 351 351 351 351 351 352 353 353 353 353 353 353 353 353 353 353 353 353 353 353 353 353 353 353 363
267 252 252 252 252 258 258 258 258 258 258 258 265 256 256 256 256 256 256 254 254 295 295 295 295 295 295 238 238 238 298 309 309 309 314 314 314 314 314 314 314 303 303 303 303 306 306 316 316 316 316 316 316 319 319 319 319 360 360 360 360 351 351 351 351 351 351 351 351 351 352 352 353 353 353 353 353 353 353 353 353 353 353 353 353 353 353 363 363 363
267 252 252 252 250 250 258 258 250 258 258 265 265 265 265 265 256 257 257 257 254 254 295 295 295 295 295 238 238 238 238 246 246 309 309 314 314 314 314 314 314 240 303 303 306 306 306 306 316 316 316 316 316 319 319 319 319 319 360 351 351 351 351 351 351 351 351 351 351 351 352 352 352 353 353 353 353 353 353 353 353 353 353 353 353 353 363 363 363 363
267 252 250 250 250 250 250 250 258 258 258 265 265 265 265 265 257 257 257 257 257 254 233 233 233 238 238 238 238 238 238 246 246 309 309 309 314 309 314 314 240 240 240 303 303 306 306 306 316 316 316 316 316 316 319 319 319 319 319 360 351 351 351 351 351 354 354 354 351 351 352 352 352 352 352 352 352 353 353 353 353 353 353 353 353 363 363 363 363 363
267 250 250 250 250 250 250 250 258 258 258 258 265 265 265 265 257 257 257 257 254 254 254 233 233 238 238 233 233 238 238 246 246 246 309 309 309 309 309 240 240 240 240 240 303 306 306 306 306 316 316 316 316 316 319 319 319 319 319 360 351 351 351 351 354 354 354 354 354 354 352 352 352 352 352 352 352 352 353 353 353 353 353 353 363 363 363 363 363 363
267 267 250 250 250 250 250 250 250 258 258 265 265 265 265 265 257 257 257 257 254 254 254 233 233 233 233 233 233 238 246 246 246 246 309 239 309 309 309 240 240 240 240 240 303 306 306 306 306 316 316 316 316 316 316 319 319 319 319 319 319 351 351 351 351 354 354 354 354 352 352 352 352 352 352 352 352 352 352 352 353 353 353 363 363 363 363 363 363 363
267 255 250 250 250 250 250 250 250 250 258 253 265 253 265 265 257 257 257 254 254 254 254 233 233 233 233 233 233 246 246 246 246 246 246 239 239 309 309 240 240 240 240 240 240 306 306 306 306 306 316 316 316 316 316 319 319 319 319 319 319 351 351 354 351 351 354 354 354 352 352 352 352 352 352 352 352 352 352 352 352 353 353 363 363 363 363 363 363 363
267 255 255 255 250 250 250 250 250 250 253 253 253 253 253 253 257 257 254 254 254 254 254 254 233 233 233 233 233 246 246 246 246 246 239 239 239 309 309 240 240 240 240 240 240 240 306 306 306 306 316 316 316 316 316 313 319 319 319 319 319 319 354 354 354 354 354 354 354 354 352 361 352 352 352 352 352 352 352 352 352 363 363 363 363 363 363 363 363 363
261 255 255 255 255 255 255 250 250 250 253 253 253 253 253 253 253 253 254 254 254 254 254 235 235 233 233 233 239 239 239 239 239 239 239 239 239 309 240 240 240 240 240 240 312 312 306 306 306 306 316 316 316 313 313 313 319 319 319 319 319 319 319 354 354 354 354 354 354 354 352 361 361 352 352 352 352 352 352 352 352 352 352 363 363 363 363 363 363 363
261 255 255 255 255 255 255 255 255 255 253 253 253 253 253 253 253 253 254 254 254 254 254 235 235 235 235 233 235 239 239 239 239 239 239 239 239 236 240 240 240 240 236 236 312 312 312 306 306 313 313 316 313 313 313 313 313 313 319 319 319 319 319 354 354 354 354 354 354 352 361 361 361 352 352 352 352 352 362 362 362 352 352 363 363 363 362 362 363 363
261 255 255 255 255 264 255 255 255 253 253 253 253 253 253 253 253 253 254 254 254 254 268 268 235 235 235 235 235 249 249 249 249 239 239 239 239 236 236 236 236 236 236 236 312 312 312 312 312 313 313 313 313 313 313 313 313 313 313 319 319 319 319 311 311 354 354 354 354 354 361 361 361 361 361 352 352 362 362 362 362 362 362 362 362 362 362 362 362 369
261 255 255 255 255 264 264 264 264 264 253 253 253 253 253 253 253 254 254 254 268 268 268 263 263 235 235 235 249 249 249 249 249 249 236 236 236 236 236 236 236 236 236 236 312 312 312 312 312 313 313 313 313 313 313 313 313 313 313 311 319 319 311 311 311 311 354 354 354 354 361 361 361 361 361 361 362 362 362 362 362 362 362 362 362 362 362 362 369 369
264 264 264 255 264 264 264 264 264 264 253 259 259 259 259 260 260 260 254 268 268 268 268 263 263 235 235 235 235 235 235 249 249 249 236 236 236 236 236 236 236 236 236 236 236 312 312 312 312 312 313 313 313 313 318 318 318 311 311 311 319 311 311 311 311 311 354 354 354 354 361 361 361 361 361 361 362 362 362 362 362 362 362 362 362 362 362 362 369 369
264 264 264 264 264 264 264 264 264 259 253 259 259 259 259 260 260 268 268 268 268 268 268 268 263 263 235 235 235 235 249 249 249 249 236 236 236 236 236 236 236 236 236 236 236 236 312 312 312 312 312 313 313 318 318 318 318 311 311 311 311 311 311 311 311 311 354 354 354 357 361 361 361 361 361 361 362 362 362 362 362 362 362 362 362 362 362 369 369 369
264 264 264 264 264 264 264 264 264 259 259 259 259 259 260 260 260 260 268 268 268 268 268 268 263 263 235 235 235 249 249 249 249 249 249 236 236 236 234 234 234 234 234 236 236 236 312 312 312 312 312 313 313 318 318 318 318 311 311 311 311 311 311 311 311 311 357 354 354 357 357 361 361 361 361 361 361 362 362 362 362 362 362 356 362 362 362 369 369 369
264 264 264 264 264 264 264 259 259 259 259 259 259 259 260 260 260 260 260 268 268 268 268 263 263 263 263 235 235 235 249 249 249 249 249 236 236 234 234 234 234 234 234 234 236 236 312 312 312 312 312 318 318 318 318 318 318 318 318 311 311 311 311 311 311 357 357 357 357 357 357 357 357 361 361 361 361 361 362 362 362 362 362 356 362 362 362 369 369 369
119 119 119 264 264 264 259 259 259 259 259 260 260 260 260 260 260 260 260 251 268 268 268 263 263 263 263 235 235 242 242 249 249 249 249 237 237 234 234 234 234 234 234 234 234 234 312 312 312 312 312 318 318 318 318 318 318 318 318 318 311 311 311 311 311 311 357 357 357 357 357 357 357 357 361 361 361 361 362 362 362 362 356 356 356 362 356 369 369 369
119 119 119 119 264 264 259 259 259 259 260 260 260 260 260 260 260 251 251 251 251 268 268 263 263 263 263 235 235 242 242 249 249 242 242 237 237 237 234 234 234 234 234 234 234 234 234 312 312 312 312 312 318 318 318 318 318 318 320 305 305 311 311 311 311 311 357 357 357 357 357 357 357 357 361 361 361 356 356 356 356 356 356 356 356 356 356 356 373 373
119 119 119 119 119 259 259 122 122 260 260 260 260 260 260 260 251 251 251 251 251 268 268 268 263 263 263 235 235 242 242 242 242 242 242 237 237 237 237 237 237 237 234 234 245 245 245 312 312 312 312 312 318 318 318 318 318 320 320 305 305 305 305 305 305 311 350 357 357 357 357 357 357 361 361 361 361 361 356 356 356 356 356 356 356 356 356 356 356 373
119 119 119 119 119 119 122 122 122 260 260 260 260 260 260 251 251 251 251 251 251 268 268 268 263 263 263 263 247 242 242 242 242 242 242 242 237 237 237 237 237 237 237 245 245 245 245 312 312 312 312 318 318 318 318 318 320 320 320 320 305 305 305 305 305 305 350 350 357 357 357 357 357 361 361 358 358 358 356 356 356 356 356 356 356 356 356 356 356 373
