GIS/1km/rwa_sector.asc
ncols         228
nrows         199
xllcorner     706432.07875708
yllcorner     9685757.4539168
cellsize      1000
NODATA_value  -9999
[rows 80 to 119 of 199, columns 90 to 179 of 228]
119 119 119 119 122 122 122 122 122 260 260 260 260 251 251 251 251 251 251 251 266 262 262 263 263 263 263 263 247 247 242 242 242 242 242 242 237 237 237 237 237 237 237 241 241 245 245 245 312 312 312 312 318 318 318 318 320 320 320 320 320 320 305 305 305 305 350 350 350 357 357 357 357 357 357 358 358 358 358 356 356 356 356 356 356 356 356 356 373 373
197 119 119 119 122 122 122 122 122 122 122 260 251 251 251 251 251 251 251 266 266 262 262 262 263 263 263 262 262 247 242 242 242 242 242 242 237 237 237 243 237 237 243 241 241 241 245 245 245 245 245 245 318 318 318 318 320 320 320 320 320 320 301 305 305 305 305 350 350 357 357 357 357 358 358 358 358 358 358 356 356 356 356 356 356 356 356 373 373 373
197 119 119 119 119 122 122 122 122 122 122 251 251 251 251 251 251 251 251 266 266 266 262 262 263 262 262 262 262 247 247 242 242 242 242 242 244 244 237 243 243 243 243 241 241 241 241 245 245 245 245 245 25 25 318 320 320 320 320 301 320 320 301 301 305 305 305 350 350 350 357 357 357 358 358 358 358 358 358 356 355 355 355 356 356 355 356 373 373 373
197 119 119 119 122 122 122 122 122 122 122 122 251 251 251 251 251 251 251 266 266 266 262 262 262 262 262 262 262 247 247 242 244 244 242 242 244 244 244 243 243 243 241 241 241 241 245 245 245 245 245 245 25 25 25 25 320 320 301 301 301 301 301 301 305 305 305 305 350 350 350 357 357 358 358 358 358 358 358 358 355 355 355 356 355 355 355 373 373 373
197 119 119 119 119 122 122 122 122 122 122 122 251 251 251 251 251 251 251 266 266 262 262 262 262 262 262 262 247 247 247 247 242 244 244 244 244 244 244 243 243 243 241 241 241 241 241 245 245 245 245 245 25 25 25 25 25 301 301 301 301 301 301 301 301 305 305 305 350 350 350 350 358 358 358 358 358 358 358 355 355 355 355 355 355 355 355 373 373 373
197 115 119 119 119 122 122 122 122 122 122 122 122 251 251 251 251 266 266 266 266 266 262 262 262 262 262 262 247 247 247 247 247 244 244 244 244 244 244 243 243 243 241 241 241 241 241 241 22 245 245 22 22 25 25 25 25 25 25 301 301 301 301 301 301 305 305 305 350 350 350 350 350 358 358 358 358 358 358 355 355 355 355 355 355 355 355 373 373 373
197 115 115 115 115 122 122 122 122 122 122 122 122 122 251 251 251 266 266 266 266 266 262 262 262 262 262 247 247 247 247 247 247 247 244 244 244 244 244 243 243 243 241 241 241 241 241 22 22 22 22 22 22 11 25 25 25 25 25 301 301 301 301 301 301 301 305 305 350 350 350 350 350 350 358 358 358 358 355 355 355 355 355 355 355 355 373 373 373 373
115 115 115 115 115 122 122 122 122 122 122 122 122 122 122 266 266 266 266 266 266 266 262 262 262 262 262 247 247 248 248 247 247 247 244 244 244 244 244 243 243 243 243 241 15 15 22 22 22 22 22 22 22 11 11 25 25 25 25 25 301 301 301 301 301 301 322 305 322 322 322 350 350 350 358 358 358 355 355 355 355 355 355 355 355 373 373 373 373 373
115 115 115 115 115 115 122 122 122 122 122 122 122 122 122 266 266 266 266 266 266 266 266 262 262 262 262 248 248 248 248 248 247 247 244 244 244 244 16 243 243 243 243 241 15 15 15 22 22 22 22 22 22 11 11 25 25 25 25 25 25 25 301 301 301 301 322 322 322 322 322 350 350 350 358 358 358 355 355 355 355 355 355 355 373 373 373 373 373 373
115 115 115 115 115 115 122 122 122 122 122 116 116 116 116 266 266 266 266 266 266 266 266 262 262 262 262 248 248 248 248 248 248 248 248 248 16 16 16 16 243 243 243 15 15 15 15 15 22 22 22 22 22 11 11 11 11 25 25 25 25 25 13 13 13 322 322 322 322 322 322 322 350 350 358 358 358 355 355 355 355 355 355 355 327 327 327 327 327 327
115 115 115 115 115 115 122 116 122 122 116 116 116 116 116 116 116 127 127 127 266 266 266 131 131 262 262 131 248 248 248 248 248 248 248 248 16 16 16 16 243 243 15 15 15 15 15 15 22 22 22 22 22 11 11 11 11 11 25 25 25 13 13 13 13 13 322 322 322 322 322 322 322 358 358 358 358 358 355 355 355 355 324 324 327 327 327 327 327 327
115 115 115 115 115 115 116 116 116 116 116 116 116 116 116 116 127 127 127 127 266 266 127 127 131 131 131 131 248 248 248 248 248 248 248 248 16 16 16 16 16 15 15 15 15 15 15 22 22 22 22 22 22 11 11 11 11 11 11 13 13 13 13 13 13 13 13 322 322 322 322 322 322 330 330 358 358 358 355 355 324 324 324 324 324 327 327 327 327 327
195 115 115 115 115 115 116 116 116 116 116 116 116 116 116 116 127 127 127 127 127 127 127 127 131 131 131 131 131 131 131 248 248 248 248 2 2 16 16 16 16 15 15 15 15 15 15 22 22 22 22 22 11 11 11 11 21 21 11 13 13 13 13 13 13 13 322 322 322 322 322 322 330 330 330 330 330 329 329 329 324 324 324 324 324 327 327 327 327 327
195 115 115 115 115 116 116 116 116 116 116 116 116 116 116 127 127 127 127 127 127 127 127 127 131 131 131 131 131 131 131 248 248 248 248 2 2 16 16 16 16 16 15 15 15 15 22 22 22 22 22 11 11 11 11 11 21 21 21 11 13 13 13 13 13 13 322 322 322 322 322 330 330 330 330 330 330 329 329 329 324 324 324 324 324 327 327 327 327 327
195 115 115 115 123 116 116 116 116 116 116 116 116 116 128 127 127 127 127 127 127 127 127 127 131 131 131 131 135 131 131 131 136 248 248 248 2 16 16 16 16 16 15 15 15 20 20 20 20 20 11 11 11 11 11 11 11 21 21 13 13 13 13 13 13 13 322 322 322 323 323 330 330 330 330 330 330 330 329 329 329 324 324 324 324 327 327 327 327 367
195 123 123 115 123 123 116 116 116 114 116 116 116 116 128 128 127 127 127 127 127 127 127 127 131 131 131 135 135 135 131 136 136 248 248 248 2 2 16 16 16 16 16 14 14 20 20 20 20 20 20 11 11 11 11 11 11 21 21 21 21 24 24 24 24 24 24 24 323 323 323 330 330 330 330 330 330 330 329 329 329 324 324 324 324 327 327 327 327 367
195 123 123 123 123 123 116 116 114 114 114 114 114 128 128 128 127 127 127 127 127 127 127 126 135 135 135 135 135 135 135 135 136 136 136 2 2 2 2 16 16 12 12 14 14 14 20 20 20 20 20 20 11 11 11 11 11 11 21 21 21 24 24 24 24 24 24 24 323 323 323 323 330 330 330 330 330 330 329 329 329 324 324 324 324 324 327 327 327 367
123 123 123 123 123 114 114 114 114 114 114 114 114 114 128 128 127 126 126 126 126 126 126 126 135 135 135 135 135 135 135 135 136 136 136 136 2 2 2 2 16 12 12 14 14 14 20 20 20 20 20 19 11 11 11 11 11 11 21 21 21 24 24 24 24 24 24 24 323 323 323 323 323 330 330 330 330 330 329 329 329 324 324 324 324 324 327 327 327 367
123 123 123 123 123 114 114 114 114 114 114 114 114 114 128 128 128 126 126 126 126 126 126 126 135 135 135 135 135 135 135 135 136 136 136 136 2 2 2 2 2 16 12 14 17 17 20 20 23 19 19 19 19 11 11 11 11 21 21 21 21 21 24 24 24 24 24 24 323 323 323 323 323 323 330 330 330 329 329 329 329 329 324 324 324 324 327 327 327 327
123 123 123 123 123 114 114 114 114 114 114 114 114 114 128 128 128 126 126 126 126 126 126 135 135 135 135 135 135 135 136 136 136 136 136 136 136 2 2 2 2 12 6 6 6 17 17 17 23 23 19 19 19 21 21 11 21 21 21 21 21 21 24 24 24 24 24 24 323 323 323 323 323 323 330 330 330 329 329 329 329 324 332 332 324 326 327 327 327 327
188 123 123 123 114 114 114 114 114 114 114 114 114 114 128 128 128 126 126 126 126 126 126 126 135 135 135 135 135 135 136 136 136 136 136 136 136 2 3 3 3 3 4 1 9 6 18 18 18 23 19 19 19 21 21 21 21 21 21 21 21 21 21 24 24 24 24 323 323 323 323 323 323 323 332 330 330 329 329 329 324 324 332 326 326 326 327 326 327 327
188 123 123 123 114 114 114 114 114 114 114 114 114 113 128 128 128 128 126 126 126 126 126 125 125 135 135 135 135 135 136 136 136 136 136 136 136 136 3 3 3 3 4 1 9 28 18 18 18 23 23 19 35 35 21 21 21 21 21 21 21 24 24 24 331 331 331 331 323 323 323 323 323 323 323 332 329 329 332 332 332 332 332 326 326 326 326 326 327 327
123 123 123 123 114 114 114 114 114 114 114 114 113 113 113 128 128 128 128 126 126 126 126 125 125 135 135 135 135 125 136 136 136 136 136 136 136 136 3 3 3 3 7 10 9 32 28 31 31 34 30 35 35 35 35 35 21 21 21 21 21 24 24 331 331 331 331 331 331 323 323 323 323 323 323 332 332 332 332 332 332 332 332 332 326 326 326 326 326 326
118 123 123 123 114 114 114 114 114 114 114 113 113 113 113 128 128 128 130 130 130 126 125 125 125 125 125 125 125 125 136 136 136 136 136 136 136 3 3 3 3 7 7 8 32 32 28 27 31 34 34 30 30 30 35 35 35 35 24 24 24 24 24 331 331 331 331 331 331 331 323 323 323 323 323 332 332 332 332 332 332 332 332 332 332 326 326 326 326 326
118 123 123 123 123 114 114 117 114 114 113 113 113 113 113 128 128 128 130 130 130 130 125 125 125 125 125 125 125 125 134 134 134 134 134 134 136 3 3 3 3 8 8 8 32 32 27 27 27 29 34 30 30 30 30 35 35 35 24 24 24 33 33 33 331 331 331 331 331 331 323 323 323 323 323 323 332 332 332 332 332 332 332 332 332 326 326 326 326 326
118 118 118 123 118 117 117 117 114 113 113 113 113 113 113 128 128 130 130 130 130 130 125 125 125 125 125 125 125 134 134 134 134 134 134 134 134 3 3 3 3 8 8 32 32 27 27 27 29 29 29 29 30 30 30 30 35 35 33 33 33 33 33 331 331 331 331 331 331 331 331 323 323 323 323 323 332 332 332 332 332 332 332 332 332 326 326 328 326 326
118 118 118 118 118 117 117 117 117 117 113 113 113 113 113 113 128 130 130 130 130 130 125 125 125 125 125 125 125 134 134 134 134 134 134 134 134 134 3 3 3 8 8 32 32 27 27 27 29 26 26 29 30 30 30 30 33 33 33 33 33 33 33 333 333 333 331 331 331 331 331 334 334 323 334 334 332 332 332 332 335 335 335 332 326 326 328 328 328 328
118 118 118 118 117 117 117 117 117 117 117 113 113 113 113 113 130 130 130 130 130 130 130 125 125 125 125 125 134 134 134 134 134 134 134 134 134 134 3 3 3 8 5 5 5 27 27 26 26 26 26 26 30 30 30 30 33 33 33 33 33 33 33 333 333 333 331 331 331 331 331 334 334 334 334 334 334 332 332 335 335 335 335 335 326 326 328 328 328 328
118 118 118 118 117 117 117 117 117 117 117 113 113 113 113 130 130 130 130 130 130 130 130 125 125 125 125 125 125 134 134 134 134 134 134 134 134 134 5 5 5 5 5 5 5 27 26 26 26 26 26 26 26 30 30 33 33 33 33 33 33 33 33 333 333 333 331 331 331 331 331 334 334 334 334 334 334 332 335 335 335 335 335 335 326 326 328 328 328 328
118 118 118 118 117 117 117 117 117 117 117 113 113 113 130 130 130 130 130 130 130 130 130 125 125 125 125 125 125 134 134 134 134 134 134 134 134 5 5 5 5 5 5 5 5 5 26 26 26 26 26 26 26 26 30 33 408 33 33 33 33 33 33 333 333 333 331 331 331 331 331 334 334 334 334 334 334 334 335 335 335 335 335 335 326 328 328 328 328 328
118 121 117 117 117 117 117 117 117 117 113 113 113 113 113 113 130 130 130 130 130 130 130 125 125 132 132 132 132 134 134 134 134 134 134 134 5 5 5 5 5 5 5 5 5 5 26 26 26 26 26 26 26 26 408 408 408 408 33 33 33 33 33 333 333 333 333 333 333 331 334 334 334 334 334 334 334 334 335 335 335 335 335 335 335 328 328 328 328 328
121 121 117 117 117 117 117 117 117 117 113 113 113 113 113 113 130 130 130 130 130 130 130 132 132 132 132 132 132 132 134 134 134 134 134 134 5 5 5 5 5 5 5 5 5 5 26 26 26 26 26 26 408 408 408 408 408 408 408 33 33 33 33 333 333 333 333 333 333 333 333 334 334 334 325 325 325 334 334 335 335 335 335 335 335 328 328 328 328 328
121 121 121 117 117 117 117 117 117 120 113 113 113 113 113 133 113 133 130 133 130 130 130 132 132 132 132 132 132 132 132 134 134 134 134 134 5 5 5 5 5 5 410 410 5 5 5 26 26 26 26 408 408 408 408 408 408 408 403 403 33 33 333 333 333 333 333 333 333 333 333 334 334 325 325 325 325 325 334 335 335 335 335 335 335 328 328 328 328 399
121 121 121 117 117 117 117 117 120 120 120 113 113 113 124 133 133 133 133 130 130 130 130 132 132 132 132 132 132 132 132 132 132 134 134 134 134 5 5 5 410 5 410 410 5 410 410 410 410 408 408 408 408 408 408 408 403 403 403 403 33 33 333 333 333 333 333 333 333 325 325 325 325 325 325 325 325 325 325 335 335 335 335 335 335 335 328 399 399 399
121 121 121 117 117 117 117 120 120 120 120 124 120 124 133 133 133 133 133 133 133 133 133 133 132 132 132 132 132 132 132 132 132 132 134 134 129 129 129 410 410 410 410 410 410 410 410 410 410 410 408 408 408 408 408 408 408 403 403 403 33 403 403 403 403 333 333 333 325 325 325 325 325 325 325 325 325 325 335 335 335 335 335 335 335 335 328 399 399 399
121 121 121 121 117 117 117 120 120 120 120 124 124 124 124 133 133 133 133 133 133 133 133 133 132 132 132 132 132 132 132 132 132 132 129 129 129 129 129 410 410 410 410 410 410 410 410 410 410 408 408 408 408 408 408 408 408 403 403 403 403 403 403 403 403 333 333 333 325 325 325 325 325 325 325 325 325 393 393 393 393 393 335 335 390 390 390 390 399 399
121 121 121 121 121 120 120 120 120 120 120 124 124 124 124 124 133 133 133 133 133 133 133 133 132 132 132 132 132 132 129 129 129 129 129 129 129 129 129 410 410 410 410 410 410 410 410 410 411 411 408 408 408 408 408 408 403 403 403 403 403 403 403 403 403 333 333 333 325 325 325 325 325 325 325 393 393 393 393 393 393 393 393 401 390 390 390 390 399 399
121 121 121 121 121 120 120 120 120 120 124 124 124 124 124 133 133 133 133 133 133 133 133 133 109 132 132 132 132 132 129 129 129 129 129 129 129 129 129 410 410 410 410 410 410 410 410 411 411 411 411 411 411 408 408 408 403 403 403 403 403 403 403 403 403 325 325 325 325 325 325 325 -9999 325 393 393 393 393 393 393 393 393 393 401 401 390 390 390 399 399
110 110 121 121 121 120 120 120 120 124 124 124 124 124 124 133 109 109 133 133 109 109 109 109 109 132 132 132 132 132 129 129 129 129 129 129 129 129 129 129 410 410 410 410 410 410 411 411 411 411 411 411 411 411 408 408 403 403 403 403 403 403 403 403 403 403 403 325 325 325 325 325 393 393 393 393 393 393 393 393 393 393 393 401 401 390 390 390 390 399
110 110 110 110 105 105 105 105 124 124 124 124 124 124 124 124 109 109 109 109 109 109 109 109 109 132 132 132 132 132 129 129 129 129 129 129 129 129 129 410 410 410 410 410 411 411 411 411 411 411 411 411 411 411 413 413 413 403 403 403 403 403 403 403 403 403 403 325 325 325 398 -9999 393 393 393 393 393 393 393 393 393 393 393 393 401 401 390 390 390 399
