GIS/1km/rwa_init_pop.asc
ncols         228
nrows         199
xllcorner     706432.07875708
yllcorner     9685757.4539168
cellsize      1000
NODATA_value  -9999
[rows 60 to 89 of 199, columns 66 to 131 of 228]
791.5275 832.6041 775.2429 693.9202 730.5261 668.4233 650.9066 831.5607 801.7278 788.5815 477.1437 473.2329 540.3607 420.7262 378.5808 386.7352 396.0817 499.4973 578.5555 476.8228 906.6526 542.9219 475.4962 570.7963 659.6417 699.5867 829.2501 767.7864 553.4334 512.9441 644.3375 675.2507 604.3367 655.8128 571.795 512.0994 529.8052 478.831 490.1161 515.2335 454.5652 430.7712 410.1302 371.86 318.9779 328.3166 338.0819 358.6381 359.2893 450.72 626.7473 608.6772 712.1669 547.2191 397.6753 350.268 365.5879 374.6124 325.9236 321.4908 346.2464 432.8108 606.6603 607.0287 898.5283 667.0438
878.8956 743.9697 657.7352 617.1611 584.5975 570.1141 785.2834 796.4812 637.6122 497.4192 434.4872 482.7633 581.5764 412.8784 383.1478 400.6245 427.1229 425.5447 464.3607 448.4757 703.123 491.225 502.6951 539.3022 479.6327 505.1611 568.1368 593.1698 476.2531 394.994 427.561 474.8596 620.0037 823.1431 646.6815 524.1447 481.4478 459.4204 481.9464 485.9149 487.0997 516.077 447.4016 381.9017 322.0093 348.626 356.3535 404.334 394.4087 401.8227 443.4453 580.8488 761.1355 643.3693 426.8497 622.6323 502.719 434.282 346.3214 365.8112 463.5881 602.0591 626.0443 687.9985 704.6539 564.4749
1001.923 789.6295 784.9605 672.3253 605.5891 621.7156 744.3463 815.2789 672.904 517.9124 415.2153 412.839 410.8275 354.7711 371.7244 385.6166 400.9453 420.5114 434.5738 406.5723 491.1602 454.7124 529.6949 574.309 466.5064 513.598 582.5792 468.1476 434.339 407.146 396.1427 412.9674 471.7269 582.759 558.5536 501.9061 470.0904 464.0783 483.7815 488.5235 570.874 631.9217 430.6129 366.9147 338.196 337.1182 358.5972 516.3445 610.0157 466.3871 413.0881 513.1533 775.2614 615.8369 453.851 632.605 592.5653 419.2109 501.5883 490.1116 513.0662 801.9998 847.2621 721.1432 402.075 450.6674
1057.326 803.329 793.8167 721.3781 663.4601 875.1911 1033.515 679.2275 595.8481 534.7195 416.5257 500.3493 467.6236 308.9539 392.1354 457.9285 383.1869 410.0995 416.364 411.8047 488.8415 454.0773 474.648 502.5557 437.0838 552.7039 689.9997 467.74 473.1376 468.4479 415.1396 412.6284 383.8197 388.0172 399.8088 485.8877 477.2038 495.6624 569.8309 589.1461 462.7904 482.0807 390.3406 391.8597 368.1235 322.9446 347.1919 457.8026 638.0691 545.5748 465.9896 504.3219 625.3936 539.8512 460.7273 623.7714 759.4386 567.0949 721.4155 533.8251 467.8611 679.0947 668.8149 483.4523 561.9476 605.5109
769.1333 931.7744 955.2756 827.1158 688.4471 795.1706 937.6738 680.9914 550.8533 447.0653 442.8254 453.4766 425.4989 364.7517 493.3767 629.8093 464.606 415.222 444.3637 460.5306 582.1863 471.6772 431.0299 446.3847 467.9567 531.6648 514.2531 566.9245 664.4436 498.6152 416.1641 417.1565 383.1721 355.8023 350.4342 473.6314 515.171 548.5362 633.0507 717.9393 459.6613 418.8881 425.9638 514.8532 470.9508 316.7539 325.0789 356.5131 429.0448 499.8136 441.1857 463.5449 521.4508 626.8652 588.3461 786.7448 740.3953 754.4802 515.31 473.3717 432.1414 756.8378 826.5415 648.783 685.6252 647.2208
625.239 819.3641 965.7621 885.2023 823.0176 565.5765 507.214 457.3524 521.3802 550.5785 575.6681 401.4462 356.5752 384.8581 468.5486 538.3973 436.8406 415.3524 433.6064 511.9497 731.3856 475.61 415.964 402.5257 430.1162 480.5294 470.6408 498.7974 550.4585 422.1984 415.9113 445.5199 423.9715 346.1698 359.588 511.1084 563.8735 784.8625 684.1188 525.2059 454.6548 472.2123 438.7329 624.9751 538.9124 320.0885 333.0372 327.3332 409.2592 524.3555 448.9142 567.0763 558.6769 693.4738 667.6554 686.9261 638.2864 576.3759 347.6054 357.4219 371.9366 612.3256 809.3818 646.4024 728.0701 789.7109
370.8494 373.0666 427.5538 666.5203 493.0882 594.6427 662.5766 641.0491 648.5722 622.3912 552.7571 656.4153 419.6571 463.4272 496.6032 445.2446 450.0181 428.2831 411.0154 494.1616 701.2928 504.8654 466.86 619.3293 765.7233 614.8167 556.3654 463.1719 402.0559 382.9244 402.6959 414.4908 420.2859 370.869 389.5523 551.5429 684.7982 912.4985 937.4837 840.5444 584.9697 512.5355 384.9423 353.3742 400.2094 450.5938 448.0909 632.6475 702.3007 553.1292 535.515 501.7598 467.1881 620.8193 613.9402 592.7157 544.6829 522.1772 341.4758 398.2844 359.7635 395.6386 458.6752 462.2828 744.5894 523.81
369.4356 333.2993 435.8742 615.8208 578.6046 602.0031 543.913 532.5676 601.9867 504.1177 425.2191 479.6174 451.5146 649.5086 705.2489 464.5702 428.7506 429.6879 448.5819 518.5142 742.305 531.2465 508.3026 804.5345 724.687 638.113 586.4896 434.5755 376.9116 359.7259 339.5066 386.5472 429.4418 416.1483 385.3475 526.4806 624.8073 647.4477 761.4943 706.4103 544.8831 524.4867 450.6438 394.8876 625.3226 511.4493 597.7274 834.2294 724.8926 469.1251 572.4434 603.04 469.485 421.1366 465.8253 462.9327 493.0982 469.0414 348.9293 390.9569 437.2415 329.3669 273.7763 269.5468 373.2698 443.647
264.1725 277.301 368.7206 470.369 460.7996 446.2841 504.2895 561.2845 572.4187 537.9985 401.8244 517.381 521.0554 558.1995 595.3812 418.808 401.676 434.9808 469.1568 542.9316 672.4617 470.6898 537.0539 765.1349 611.5765 482.968 445.586 396.7595 367.764 345.6603 325.2122 340.7655 473.1828 447.517 383.8924 405.0556 428.4114 402.437 390.9603 448.1593 439.4346 390.0878 402.5305 456.7798 665.0253 502.5643 509.7981 611.0632 870.9116 554.3325 491.2479 513.9918 426.0856 498.4513 525.1042 413.9185 500.902 652.9257 438.1973 429.5763 387.2831 252.6203 212.219 200.1014 221.7013 245.3652
393.2254 354.5872 335.9927 418.4443 484.065 573.7895 461.2249 481.1617 398.0297 334.103 502.4281 676.0031 587.6276 488.3294 569.7411 545.9443 390.7368 421.8371 483.3398 628.5594 529.1436 492.0089 499.3586 553.323 507.2719 559.4686 457.6216 382.3481 354.9422 343.6522 326.3514 351.0483 573.9636 502.5231 405.0917 372.1123 370.5466 393.8663 387.5201 353.6697 339.2911 330.1478 320.2612 349.9225 451.7923 367.4042 340.2519 393.6598 484.3034 613.1066 384.1985 349.0615 394.492 621.9727 658.0925 524.1204 716.3099 815.5844 689.8529 474.0299 348.0475 395.6983 305.9553 267.209 285.8333 353.9821
365.2369 335.441 270.8932 306.0521 417.164 475.3637 522.6471 729.2842 599.3055 355.0717 552.6595 655.8533 561.3617 473.7661 526.6566 547.7889 366.3331 363.4841 440.8435 604.6352 517.9031 646.5655 518.7765 404.4775 613.365 743.1397 449.9101 373.3832 341.287 317.7092 318.574 323.1762 373.8699 393.2217 380.9271 363.2773 373.7441 479.3736 527.0787 346.4275 327.0877 368.7268 344.3206 313.6431 300.5026 286.4678 301.7742 313.2506 351.0326 446.8958 356.0397 323.1657 411.9067 624.4225 614.318 576.152 603.3483 665.1074 476.3698 404.3652 327.722 339.8155 357.0853 358.9821 302.121 328.6835
258.5661 248.8194 246.0386 269.7123 409.8185 568.5706 505.7855 764.9162 537.4683 376.7697 458.6344 749.7808 821.1852 481.8563 384.038 370.4258 348.0107 345.9621 383.4377 558.0198 644.8746 502.258 458.7844 415.6807 519.0571 525.3204 410.3784 377.1763 329.0762 303.8371 302.3688 313.5199 332.8257 350.0267 344.4394 347.3472 356.106 397.4499 426.9682 346.1624 346.9075 503.6454 391.4388 327.0992 269.1057 283.2221 312.5505 356.7379 332.5824 338.6158 357.4184 343.6748 463.8954 466.1218 437.9153 468.8474 461.1121 479.4722 321.3991 312.756 310.0342 302.025 463.6985 383.0366 282.3971 271.2838
266.3711 249.9319 262.1303 283.1362 387.3164 521.4349 496.9628 575.373 459.3958 297.1193 376.3262 646.5349 777.5302 505.3279 368.0789 358.04 357.9616 365.5101 382.4935 417.9603 843.9581 497.4932 426.0177 499.6305 500.4817 396.9442 341.3173 337.5103 323.3814 320.6468 318.8577 313.404 324.7618 330.685 325.948 307.8649 304.9539 303.3333 311.9093 240.5347 253.153 362.7932 413.4339 318.9653 273.1902 291.5239 341.1073 383.7679 349.0585 308.7135 464.7959 449.2547 484.4514 391.4443 329.6836 417.7858 491.4222 463.2412 296.127 340.083 390.9645 368.0919 432.692 311.6919 371.2993 306.1335
208.6902 256.6822 290.2074 337.1453 283.417 314.6962 387.3901 351.2451 359.4368 267.4976 363.7987 849.4631 654.5765 442.5782 415.9211 408.4456 458.6419 392.0539 362.1748 624.7532 678.2847 520.1374 417.6744 516.226 525.1515 381.5772 338.6523 321.3145 316.7574 318.0898 320.5566 321.2493 338.4071 336.534 306.916 314.5955 309.4151 301.1747 268.0211 235.4611 231.5551 267.8752 322.8479 324.2881 284.5519 296.1125 386.1945 480.0441 384.01 323.6293 451.9132 622.4126 439.2204 388.4812 435.3187 448.853 615.9179 526.8965 277.6658 313.4395 380.0313 402.1796 302.8696 294.6844 450.2526 403.2783
46.9824 209.9045 296.8829 390.6452 300.3675 227.5404 286.5136 345.7536 272.7841 242.3062 411.7168 553.397 475.3909 418.0738 425.3821 478.9395 657.2055 466.307 368.0101 538.0563 650.3817 581.067 616.6175 432.0996 387.7702 362.7595 353.9063 348.7032 333.8401 325.2382 325.3986 337.7032 428.9653 342.4538 319.4618 310.3164 309.7101 283.1898 239.1271 216.9109 214.7251 235.1247 271.3797 277.4857 277.1745 414.4407 434.1549 529.0429 398.58 438.3325 420.3657 569.323 740.4272 729.6802 483.3052 443.3798 508.4069 423.563 350.5586 275.591 297.5578 283.2923 286.7528 282.8225 342.263 379.4858
150.4901 208.3362 279.4994 327.0023 291.4287 220.6366 327.1994 303.5875 259.2146 234.2304 398.011 433.9235 403.5536 392.9439 398.3866 423.5329 448.9163 429.4317 408.0446 646.1738 905.4797 701.4279 605.3085 434.4646 448.5462 431.0655 452.9832 458.0746 388.9502 339.5631 324.0989 354.0938 584.5208 361.0283 309.265 282.7484 276.4045 268.9723 219.3546 206.3434 220.8379 228.9895 219.6498 255.0116 309.805 527.1471 447.5446 598.4266 384.2283 502.6623 495.7999 522.9659 720.2275 815.5616 531.0807 397.6327 409.0116 386.4178 335.8228 274.5327 328.8165 368.3331 316.6689 293.2401 289.3525 310.5068
208.0026 215.5117 216.7297 236.4777 331.817 293.9172 366.2812 352.6238 344.875 337.3385 558.552 459.0442 413.069 392.4796 397.4554 381.5228 386.3201 394.1664 409.296 705.3864 640.6538 779.6827 771.1439 563.0611 594.1193 597.5435 731.1539 639.9935 530.5113 363.8826 344.2471 357.3755 387.3661 348.7574 287.1542 219.9339 226.2255 224.1694 208.374 212.2196 219.1591 234.7469 263.9383 284.1393 362.1639 663.1031 442.3804 455.8708 326.5764 327.9434 332.7057 552.3926 813.1664 559.9557 419.9645 394.5063 379.8673 394.089 324.4496 316.7346 374.1271 368.8665 349.3759 446.5561 315.4107 288.8272
249.3765 206.4679 194.1664 198.6142 274.542 338.6217 279.922 259.6642 686.6218 1005.371 1234.061 615.5647 428.0742 401.7372 395.5158 382.3895 376.7048 379.502 406.8375 492.1235 481.0307 630.8653 744.4324 664.1136 445.6256 425.0026 506.0773 605.8751 726.3522 390.8465 387.0403 430.4603 358.2727 314.5711 232.277 213.2405 221.4768 234.9955 217.5231 235.9365 224.4963 270.7058 409.6917 289.8169 308.9372 709.0309 520.6466 585.7424 388.5314 293.7744 267.7645 396.0488 647.4724 366.2109 300.4638 334.8807 350.0594 342.6267 332.4122 389.8473 432.0598 303.7193 302.0099 360.4677 342.6656 281.7309
28.88253 225.1642 268.6049 293.365 289.7066 328.909 316.594 340.1418 794.7103 952.7267 993.67 634.6866 492.1577 409.2616 392.1906 404.2645 417.2872 455.0831 537.7785 463.2342 430.6266 487.3174 541.4113 612.2114 344.9666 296.8951 279.3491 302.8447 395.821 480.1888 483.9886 314.8902 413.8701 342.2082 251.887 243.7922 256.6909 284.744 213.6754 201.862 209.0709 209.4993 229.0314 281.6902 305.2926 481.2499 408.1581 441.901 495.7438 308.3984 292.8842 299.8749 291.8726 373.2802 335.919 309.9938 276.8792 295.0409 415.1522 372.4233 324.0674 432.6936 315.1735 294.6688 296.0643 285.8546
2.746984 251.249 272.136 308.9322 331.6268 256.5114 210.6257 419.6797 471.9908 475.456 626.58 779.1744 561.0084 452.4028 402.1314 411.2352 423.3999 497.5564 709.6604 465.0121 453.6269 622.1505 722.8981 603.8229 415.8245 325.0521 326.0204 295.2189 276.2584 289.332 297.9141 239.3079 421.6458 267.7498 245.4836 255.8328 308.2985 399.0029 232.2369 214.9068 207.2647 198.0862 205.1092 272.7972 303.7142 366.0124 342.7123 421.954 414.761 401.521 338.5028 326.5864 324.0792 506.9662 531.1248 336.8807 285.8401 343.903 307.4978 319.311 321.1937 338.7906 312.3792 306.7462 290.5352 298.3368
17.2344 273.8572 309.246 281.8447 292.4838 314.1414 385.3006 421.7532 413.6596 425.2018 511.3267 695.1409 647.5173 495.6876 436.7955 456.5272 531.6633 630.8474 780.9534 456.7413 442.9125 509.671 723.1035 492.5786 559.4933 391.7607 470.865 308.6466 241.3556 233.6189 228.675 212.5013 339.7531 339.5184 245.365 234.7895 223.6852 260.7296 219.4306 215.9591 210.8186 201.8032 195.7719 225.4817 254.8294 267.3823 247.5681 355.2881 403.7191 526.1071 335.8738 322.8134 361.8269 421.5534 504.761 327.5912 312.2856 423.3302 317.7734 294.0666 359.7259 331.2188 321.4242 322.0909 302.6147 317.1819
213.4658 277.6129 288.9619 288.4382 287.4763 351.4035 528.315 577.5014 403.5416 395.2578 432.2529 506.7284 481.2764 497.0569 541.6218 581.6357 831.8757 885.8781 861.1187 425.7766 444.3233 557.7845 642.6575 515.791 628.0129 393.1209 403.3105 293.6587 238.5526 245.4954 322.3022 239.2848 250.2053 267.7412 202.0826 231.0096 219.1674 216.5146 208.7567 197.4996 195.0691 202.0857 204.0874 220.3901 223.573 259.9688 233.955 298.0533 337.9526 339.9859 292.4251 233.389 263.7543 271.6107 286.9058 287.9748 301.3778 319.8253 306.4383 306.9464 390.0948 446.9725 362.5821 425.9526 352.3533 406.5789
188.7553 198.7406 236.0145 336.1699 346.3397 349.3907 429.9366 469.3408 371.3706 375.3436 391.8898 412.1001 401.632 495.2955 655.7337 534.3354 675.5825 818.2684 656.987 415.2915 434.3983 500.564 478.9859 442.6039 547.5725 415.1242 454.2429 286.1363 232.985 238.5503 312.6218 229.0035 189.1883 189.2851 222.535 256.1092 230.7195 211.2064 197.4617 200.0679 199.3347 202.3242 240.0982 261.1008 227.8416 325.6793 291.2873 304.4836 418.1885 310.2556 272.047 270.538 357.0224 365.7489 289.6075 294.762 259.0195 284.0716 286.0577 305.9504 331.1151 437.7333 398.955 509.6955 456.679 671.2719
0 0 175.1163 505.7595 501.3691 394.3713 341.7095 320.9091 352.215 358.1246 487.0797 617.4485 424.3128 420.4962 496.2222 429.4754 462.8924 733.2446 645.0945 442.6028 420.8262 405.5118 414.1603 450.9689 492.5943 355.1802 353.1976 277.3108 243.6052 222.675 215.1284 198.5509 188.5843 195.02 293.3676 421.1632 231.7881 276.2734 286.1638 223.9489 200.4814 202.5453 338.4727 314.6624 239.1673 395.2221 338.4279 311.7238 571.5701 544.9399 375.4236 277.6853 467.7248 622.076 334.0134 262.4986 261.6736 243.3375 319.1125 418.9624 313.983 315.0007 397.5292 555.9214 476.1532 630.6103
0 0 0 349.691 456.4881 359.8095 318.3523 299.6552 300.4061 311.5126 430.6491 628.9227 450.3342 385.9111 392.6908 387.8474 418.3197 561.1236 729.5125 704.5484 402.616 363.3392 431.2844 434.6326 597.2822 398.6328 282.1952 254.9406 266.2937 246.1557 226.7196 185.7816 185.1182 197.3602 323.1233 465.999 356.381 348.8126 357.8134 225.36 208.8116 206.6112 284.2335 301.8217 264.7331 266.0997 242.2108 274.1861 467.4174 640.2955 389.297 254.476 274.5273 354.412 354.9493 225.9169 258.6093 271.0085 275.1931 286.6887 286.1435 275.4296 311.7433 445.2099 459.869 500.0126
0 0 0 208.9292 437.9598 353.1025 459.5153 317.2702 301.6671 305.2543 359.0935 394.597 373.099 376.9838 393.9002 401.5417 456.8441 507.0446 728.929 816.5583 409.6371 362.536 378.6614 421.7424 603.218 468.756 276.6902 258.7162 308.7087 366.6017 251.4434 190.5146 191.3968 200.5135 246.4775 410.6403 431.2608 342.2377 238.9112 233.3537 203.5284 206.7596 237.037 281.6022 393.6765 222.8357 219.9188 250.0402 323.7509 347.4828 285.5761 235.82 214.0542 278.6806 394.8561 241.3149 221.8134 295.4821 253.3895 262.3513 279.2499 276.1715 332.6412 431.531 452.2333 497.4507
0 0 74.6976 435.4484 441.4589 352.926 454.1837 339.6478 322.1335 354.2961 403.4247 396.4811 403.8932 427.7013 575.4147 509.4529 548.1587 544.7967 449.6497 466.3722 375.6452 373.3008 350.511 401.811 609.5896 480.1155 417.0888 301.488 274.3095 257.8811 208.1002 199.7357 231.6659 221.2739 216.278 236.7028 288.7957 393.7264 299.3208 249.8196 242.6474 218.3593 219.8124 278.9539 477.3016 240.1341 309.7478 272.45 243.0192 250.303 249.6701 230.3258 221.4687 254.9374 242.6609 214.0395 208.994 224.3871 247.3559 255.1793 249.2506 268.2148 297.4296 421.246 463.0693 530.2982
0 0 39.03172 340.3302 438.6289 321.877 334.8603 314.368 301.7043 352.9998 408.5467 401.1468 402.3092 435.8585 629.7471 507.0027 465.665 465.5987 368.3886 382.6878 415.9686 457.9711 380.8551 505.7084 535.4435 392.4398 330.8449 283.3107 270.1622 206.6071 202.8153 200.2821 375.0977 308.3077 218.3036 246.6552 340.1906 274.5139 364.8437 392.2498 244.462 226.2877 322.2137 499.3558 725.4865 300.3195 383.5412 287.8481 248.8719 237.6553 276.4144 351.689 323.688 403.1275 295.7927 263.2805 279.6071 213.5183 269.3477 266.7806 243.6874 251.0484 288.6391 443.9704 432.1087 542.7366
49.90476 0 89.26088 289.2054 308.2644 337.451 383.3823 331.0088 361.2435 392.9778 413.4517 404.9097 398.8935 412.583 418.5284 373.7939 357.2055 455.0206 475.4237 637.9185 591.2011 578.5991 431.5557 450.6566 524.7779 483.9934 409.4489 299.9464 275.0263 254.3175 196.166 188.6668 276.0538 308.9408 282.868 272.2172 337.9994 315.2637 370.9837 411.3583 369.7173 282.6705 437.6977 464.2842 560.7433 279.2753 248.8466 235.293 260.7241 250.1662 247.208 336.0533 338.0919 314.209 275.3901 328.8983 370.1286 233.039 309.8268 349.006 319.3861 307.2546 327.6721 435.2336 421.8159 461.3478
254.3408 175.5018 202.6267 250.7508 322.8312 375.3515 404.218 394.6033 410.6431 435.9893 462.4288 445.7643 331.8166 305.3044 287.6578 298.4749 337.6812 470.8875 539.3472 910.0501 768.0753 636.1533 519.9755 546.5569 479.8948 608.5267 627.8311 462.959 288.5035 268.8615 225.609 185.896 220.3002 283.006 315.5069 315.6322 343.8267 374.1363 429.9565 396.4464 398.5363 314.4431 302.8932 250.8955 261.3881 316.1584 348.2206 255.175 271.2144 302.05 300.5872 322.1381 284.406 280.9524 269.9492 294.3767 271.6997 259.2454 371.6556 403.3167 496.8765 409.7154 354.1798 383.6388 455.7752 428.9996
