GIS/rwa_init_pop.asc
ncols         46
nrows         40
xllcorner     706857.990427
yllcorner     9685274.61987
cellsize      5000
NODATA_value  -9999
-9999 -9999 -9999 -9999 -9999 -9999 -9999 -9999 -9999 -9999 -9999 -9999 -9999 -9999 -9999 -9999 -9999 -9999 -9999 -9999 -9999 -9999 -9999 -9999 -9999 -9999 -9999 -9999 -9999 -9999 -9999 -9999 -9999 -9999 -9999 3549 -9999 -9999 -9999 -9999 -9999 -9999 -9999 -9999 -9999 -9999 
-9999 -9999 -9999 -9999 -9999 -9999 -9999 -9999 -9999 -9999 -9999 -9999 -9999 -9999 -9999 -9999 -9999 -9999 -9999 -9999 -9999 -9999 -9999 -9999 -9999 -9999 -9999 -9999 -9999 -9999 -9999 -9999 -9999 1852 11311 2919 -9999 -9999 -9999 -9999 -9999 -9999 -9999 -9999 -9999 -9999 
-9999 -9999 -9999 -9999 -9999 -9999 -9999 -9999 -9999 -9999 -9999 -9999 -9999 -9999 -9999 -9999 -9999 -9999 -9999 -9999 -9999 -9999 -9999 -9999 -9999 -9999 -9999 -9999 -9999 -9999 -9999 -9999 1226 1214 9821 603 -9999 -9999 -9999 -9999 -9999 -9999 -9999 -9999 -9999 -9999 
-9999 -9999 -9999 -9999 -9999 -9999 -9999 -9999 -9999 -9999 -9999 -9999 -9999 -9999 -9999 -9999 -9999 -9999 -9999 -9999 -9999 -9999 -9999 -9999 -9999 -9999 -9999 -9999 -9999 -9999 -9999 -9999 1957 1056 4744 1109 775 -9999 -9999 -9999 -9999 -9999 -9999 -9999 -9999 -9999 
-9999 -9999 -9999 -9999 -9999 -9999 -9999 -9999 -9999 -9999 -9999 -9999 -9999 -9999 -9999 -9999 -9999 -9999 -9999 -9999 -9999 -9999 -9999 -9999 -9999 -9999 -9999 -9999 -9999 -9999 -9999 2450 2392 1594 6713 1622 474 -9999 -9999 -9999 -9999 -9999 -9999 -9999 -9999 -9999 
-9999 -9999 -9999 -9999 -9999 -9999 -9999 -9999 -9999 -9999 -9999 -9999 -9999 -9999 -9999 -9999 -9999 -9999 -9999 -9999 -9999 -9999 -9999 -9999 -9999 -9999 -9999 -9999 -9999 4009 3274 2520 6321 1939 3405 590 93 40 -9999 -9999 -9999 -9999 -9999 -9999 -9999 -9999 
-9999 -9999 -9999 -9999 -9999 -9999 -9999 -9999 -9999 -9999 -9999 -9999 -9999 -9999 -9999 -9999 -9999 -9999 -9999 -9999 -9999 7286 -9999 -9999 -9999 -9999 -9999 -9999 -9999 9173 10021 6512 3012 1595 1873 418 195 99 -9999 -9999 -9999 -9999 -9999 -9999 -9999 -9999 
-9999 -9999 -9999 -9999 -9999 -9999 -9999 -9999 -9999 -9999 -9999 -9999 -9999 -9999 -9999 -9999 -9999 -9999 4589 28524 13680 16094 8846 -9999 -9999 -9999 -9999 2912 6638 10962 12003 10994 4850 2732 2421 571 190 101 97 -9999 -9999 -9999 -9999 -9999 -9999 -9999 
-9999 -9999 -9999 -9999 -9999 -9999 -9999 -9999 -9999 -9999 -9999 -9999 -9999 -9999 -9999 8445 9560 9466 22465 21080 4858 16333 12710 -9999 -9999 -9999 6335 7182 7733 10516 10544 11852 9747 1638 5058 1615 373 138 103 134 97 -9999 -9999 -9999 -9999 -9999 
-9999 -9999 -9999 -9999 -9999 -9999 -9999 -9999 -9999 -9999 -9999 -9999 -9999 -9999 8490 15942 22484 18706 22578 16965 3394 14929 10878 -9999 8289 15216 12291 9409 5628 8706 9716 12258 7497 860 5177 1599 734 179 136 188 74 88 -9999 -9999 -9999 -9999 
-9999 -9999 -9999 -9999 -9999 -9999 -9999 -9999 -9999 -9999 -9999 11140 703 733 6349 21289 20736 50232 20457 13089 12592 16025 11742 9539 17012 17801 12987 11693 5978 7840 8575 8090 762 372 2552 290 147 115 133 175 103 83 -9999 -9999 -9999 -9999 
-9999 -9999 -9999 -9999 -9999 -9999 -9999 -9999 -9999 -9999 -9999 22724 11516 5259 14628 25429 16186 21692 24663 19856 18428 13267 12708 9264 12678 16761 22977 11319 8184 7634 11403 9609 3913 2753 1189 307 207 175 158 411 299 159 68 -9999 -9999 -9999 
-9999 -9999 -9999 -9999 -9999 -9999 -9999 -9999 -9999 -9999 17563 19266 24457 19627 23562 16843 13122 17234 18080 16128 17475 13970 13602 15431 16646 16736 24264 26605 9213 7079 9906 10161 8415 6549 5546 2353 2039 558 194 202 288 150 150 -9999 -9999 -9999 
-9999 -9999 -9999 -9999 -9999 -9999 -9999 -9999 -9999 13564 19909 21827 22797 16499 20318 18499 15633 16569 15419 13137 17126 14310 13271 16190 17383 15041 13377 11383 12448 9146 7922 7223 8068 8512 7215 6600 2138 744 106 85 119 99 128 128 -9999 -9999 
-9999 -9999 -9999 -9999 -9999 -9999 -9999 -9999 -9999 44948 29213 13496 5721 6235 17055 17197 13004 17787 14115 12728 12628 11848 14219 14775 15485 10480 11131 9905 10810 10291 7894 9970 10091 7879 9831 8635 2178 526 91 55 114 55 110 105 -9999 -9999 
-9999 -9999 -9999 -9999 -9999 -9999 -9999 -9999 -9999 28403 22515 17136 2419 2546 11824 18985 16216 16723 10126 10598 7672 10301 13290 13935 12301 9801 10746 8434 9948 12270 8505 12410 11768 10142 7437 7531 5361 1109 386 135 103 113 88 95 -9999 -9999 
-9999 -9999 -9999 -9999 -9999 -9999 -9999 -9999 -9999 19644 18274 7726 937 3666 10479 15511 17981 13291 13318 8458 6723 7813 10388 10456 8819 9540 15387 10986 9250 10738 10460 12535 11531 10539 13816 11424 6875 1816 2400 232 158 133 115 117 -9999 -9999 
-9999 -9999 -9999 -9999 -9999 -9999 -9999 -9999 -9999 -9999 15067 5872 6092 4081 14810 14729 15189 14334 13139 8555 10521 9300 12179 10694 8656 9869 16302 10898 9433 8750 10390 9465 9817 10616 10107 8602 11791 5452 4143 225 409 175 68 11 -9999 -9999 
-9999 -9999 -9999 -9999 -9999 -9999 -9999 -9999 -9999 -9999 18268 16852 7520 5841 11298 11536 12344 13806 10718 8036 9596 8873 8397 12492 10505 11956 16897 10804 8079 7460 10310 8852 7645 7867 7602 8542 8738 5772 3812 531 183 226 49 10 -9999 -9999 
-9999 -9999 -9999 -9999 -9999 -9999 -9999 -9999 -9999 8437 12897 15490 8525 10753 9475 11390 13327 13898 11086 10019 8913 13053 12403 19346 12416 10098 73400 44174 22065 7452 9283 8276 7880 9566 11564 22629 15521 7333 7000 4473 2819 114 114 -9999 -9999 -9999 
-9999 -9999 -9999 -9999 -9999 -9999 -9999 -9999 -9999 -9999 6218 11271 8475 11291 6489 11299 12310 12420 11113 8845 11240 10968 11241 16056 15574 13781 221079 162766 71711 23385 17884 7530 7213 8095 9905 18324 9391 8992 4867 5080 2512 522 2166 239 -9999 -9999 
-9999 -9999 -9999 -9999 -9999 -9999 -9999 -9999 -9999 -9999 -9999 12399 8010 8870 3601 9663 11036 10086 11466 8806 13691 11269 11177 12953 8662 7200 18587 24871 10590 13012 12339 9352 8791 7226 5762 8080 6695 11197 6397 6104 2969 2011 1190 536 -9999 -9999 
-9999 -9999 -9999 -9999 -9999 -9999 -9999 -9999 -9999 -9999 -9999 7945 19526 9122 10289 9127 10022 9478 11677 19894 27841 15505 11414 9351 9478 5248 6684 6900 5597 5735 8027 8653 7736 8636 9119 7170 8836 9368 5631 5533 5768 2976 670 987 615 -9999 
-9999 -9999 -9999 -9999 -9999 -9999 -9999 -9999 -9999 7468 8047 9649 13267 11160 8703 8422 9215 10134 8870 27146 23416 11986 11668 8065 12519 5339 4346 3094 7947 7834 6992 7897 7957 6262 8446 7939 7306 10819 7081 7714 9742 6602 4124 3247 2173 -9999 
-9999 -9999 -9999 -9999 -9999 -9999 -9999 -9999 -9999 10361 18936 12661 6525 7480 10414 9864 8703 11203 10418 15180 13883 10609 10562 8531 8961 4438 3260 10027 5099 8024 8018 4130 3895 5922 10660 8162 8623 17351 11063 5285 4875 5108 3832 3930 2481 -9999 
-9999 -9999 -9999 -9999 -9999 -9999 -9999 -9999 8149 9913 3306 8804 9006 7760 7451 9504 8376 9942 9868 10974 13762 11452 7797 11121 8904 7956 6299 5030 9563 12715 8688 3389 6544 7218 6764 7969 8417 10419 9720 5993 4230 3076 4251 6993 -9999 -9999 
-9999 -9999 -9999 -9999 -9999 -9999 -9999 7380 10944 7240 7383 10050 9343 6245 7246 6758 8544 12805 10972 11679 22551 11481 9348 8953 8820 8299 8931 8031 4619 5125 7269 3688 3993 7172 9731 5342 6951 8905 9385 8030 5800 4034 3736 7945 -9999 -9999 
-9999 -9999 -9999 -9999 -9999 -9999 4828 14413 16361 4623 3109 11445 9498 6782 5332 7162 7706 8840 10021 10777 13657 11625 8876 11267 7451 9252 10093 9162 4681 152 3039 5473 3899 6540 7220 5478 6193 7581 11216 8212 9383 7232 7978 4053 -9999 -9999 
-9999 -9999 -9999 14742 -9999 11826 17564 11981 18103 1978 242 3938 13739 8970 7490 5618 7084 7357 9047 10318 15549 9048 7458 9619 5537 10393 11616 9542 5565 864 3423 2326 815 1851 -9999 2909 9933 8380 8259 5616 5069 7282 7376 5597 -9999 -9999 
-9999 -9999 -9999 21576 -9999 12941 10841 9582 6213 550 158 3611 14018 6927 4835 7224 7793 7178 7484 23256 11051 7343 6613 8598 -9999 -9999 3478 8336 4480 258 -9999 2334 11 -9999 -9999 -9999 6125 7880 6846 6833 3336 -9999 7858 -9999 -9999 -9999 
-9999 22864 20331 17059 11151 6436 5168 9895 5115 342 256 2277 12291 9367 6434 8455 9679 10497 9021 6100 8800 6695 7502 7870 2712 -9999 -9999 3589 6115 1021 -9999 -9999 -9999 -9999 -9999 -9999 -9999 2116 948 -9999 -9999 -9999 -9999 -9999 -9999 -9999 
-9999 29423 14011 11613 3782 2105 259 3308 73 504 598 1740 8867 13747 10245 16901 15474 11457 10823 11682 10705 9142 8491 9547 5879 -9999 -9999 -9999 -9999 -9999 -9999 -9999 -9999 -9999 -9999 -9999 -9999 -9999 -9999 -9999 -9999 -9999 -9999 -9999 -9999 -9999 
-9999 13584 11166 20045 9113 260 281 274 262 317 565 837 7985 15007 11340 11019 14004 13140 13596 11005 11364 9892 10632 8131 -9999 -9999 -9999 -9999 -9999 -9999 -9999 -9999 -9999 -9999 -9999 -9999 -9999 -9999 -9999 -9999 -9999 -9999 -9999 -9999 -9999 -9999 
7367 10220 13092 22677 15186 4734 2092 336 312 326 672 641 2645 10973 9330 7274 7311 8620 12882 17882 19795 9263 9520 4928 -9999 -9999 -9999 -9999 -9999 -9999 -9999 -9999 -9999 -9999 -9999 -9999 -9999 -9999 -9999 -9999 -9999 -9999 -9999 -9999 -9999 -9999 
-9999 13186 16134 17518 9573 3955 4847 9422 2889 460 598 487 1991 10423 8920 5744 3751 7511 14039 38046 19783 10845 8328 5899 -9999 -9999 -9999 -9999 -9999 -9999 -9999 -9999 -9999 -9999 -9999 -9999 -9999 -9999 -9999 -9999 -9999 -9999 -9999 -9999 -9999 -9999 
-9999 15554 17693 16089 -9999 -9999 -9999 -9999 -9999 -9999 515 467 5285 8501 4617 6333 7724 9445 9182 28836 14647 6620 9370 5278 -9999 -9999 -9999 -9999 -9999 -9999 -9999 -9999 -9999 -9999 -9999 -9999 -9999 -9999 -9999 -9999 -9999 -9999 -9999 -9999 -9999 -9999 
-9999 -9999 4881 24957 -9999 -9999 -9999 -9999 -9999 -9999 131 595 7332 10226 4591 6995 8371 8837 9854 13827 12124 8502 14108 4184 -9999 -9999 -9999 -9999 -9999 -9999 -9999 -9999 -9999 -9999 -9999 -9999 -9999 -9999 -9999 -9999 -9999 -9999 -9999 -9999 -9999 -9999 
-9999 -9999 -9999 -9999 -9999 -9999 -9999 -9999 -9999 -9999 -9999 726 5137 10525 5258 8390 8767 10891 8717 13009 10752 12596 14273 -9999 -9999 -9999 -9999 -9999 -9999 -9999 -9999 -9999 -9999 -9999 -9999 -9999 -9999 -9999 -9999 -9999 -9999 -9999 -9999 -9999 -9999 -9999 
-9999 -9999 -9999 -9999 -9999 -9999 -9999 -9999 -9999 -9999 -9999 497 3401 10773 9209 9393 14031 10062 11037 15474 -9999 4394 -9999 -9999 -9999 -9999 -9999 -9999 -9999 -9999 -9999 -9999 -9999 -9999 -9999 -9999 -9999 -9999 -9999 -9999 -9999 -9999 -9999 -9999 -9999 -9999 
-9999 -9999 -9999 -9999 -9999 -9999 -9999 -9999 -9999 -9999 -9999 239 125 -9999 6099 -9999 -9999 -9999 -9999 -9999 -9999 -9999 -9999 -9999 -9999 -9999 -9999 -9999 -9999 -9999 -9999 -9999 -9999 -9999 -9999 -9999 -9999 -9999 -9999 -9999 -9999 -9999 -9999 -9999 -9999 -9999 
