GIS/rwa_init_pop.asc
ncols         46
nrows         40
xllcorner     706857.990427
yllcorner     9685274.61987
cellsize      5000
NODATA_value  -9999
-9999 -9999 -9999 -9999 -9999 -9999 -9999 -9999 -9999 -9999 -9999 -9999 -9999 -9999 -9999 -9999 -9999 -9999 -9999 -9999 -9999 -9999 -9999 -9999 -9999 -9999 -9999 -9999 -9999 -9999 -9999 -9999 -9999 -9999 -9999 3972 -9999 -9999 -9999 -9999 -9999 -9999 -9999 -9999 -9999 -9999 
-9999 -9999 -9999 -9999 -9999 -9999 -9999 -9999 -9999 -9999 -9999 -9999 -9999 -9999 -9999 -9999 -9999 -9999 -9999 -9999 -9999 -9999 -9999 -9999 -9999 -9999 -9999 -9999 -9999 -9999 -9999 -9999 -9999 2073 12660 3267 -9999 -9999 -9999 -9999 -9999 -9999 -9999 -9999 -9999 -9999 
-9999 -9999 -9999 -9999 -9999 -9999 -9999 -9999 -9999 -9999 -9999 -9999 -9999 -9999 -9999 -9999 -9999 -9999 -9999 -9999 -9999 -9999 -9999 -9999 -9999 -9999 -9999 -9999 -9999 -9999 -9999 -9999 1372 1359 10992 675 -9999 -9999 -9999 -9999 -9999 -9999 -9999 -9999 -9999 -9999 
-9999 -9999 -9999 -9999 -9999 -9999 -9999 -9999 -9999 -9999 -9999 -9999 -9999 -9999 -9999 -9999 -9999 -9999 -9999 -9999 -9999 -9999 -9999 -9999 -9999 -9999 -9999 -9999 -9999 -9999 -9999 -9999 2190 1182 5309 1241 867 -9999 -9999 -9999 -9999 -9999 -9999 -9999 -9999 -9999 
-9999 -9999 -9999 -9999 -9999 -9999 -9999 -9999 -9999 -9999 -9999 -9999 -9999 -9999 -9999 -9999 -9999 -9999 -9999 -9999 -9999 -9999 -9999 -9999 -9999 -9999 -9999 -9999 -9999 -9999 -9999 2742 2677 1784 7514 1815 530 -9999 -9999 -9999 -9999 -9999 -9999 -9999 -9999 -9999 
-9999 -9999 -9999 -9999 -9999 -9999 -9999 -9999 -9999 -9999 -9999 -9999 -9999 -9999 -9999 -9999 -9999 -9999 -9999 -9999 -9999 -9999 -9999 -9999 -9999 -9999 -9999 -9999 -9999 4487 3664 2821 7075 2170 3811 660 104 44 -9999 -9999 -9999 -9999 -9999 -9999 -9999 -9999 
-9999 -9999 -9999 -9999 -9999 -9999 -9999 -9999 -9999 -9999 -9999 -9999 -9999 -9999 -9999 -9999 -9999 -9999 -9999 -9999 -9999 8155 -9999 -9999 -9999 -9999 -9999 -9999 -9999 10267 11216 7289 3372 1786 2096 468 219 111 -9999 -9999 -9999 -9999 -9999 -9999 -9999 -9999 
-9999 -9999 -9999 -9999 -9999 -9999 -9999 -9999 -9999 -9999 -9999 -9999 -9999 -9999 -9999 -9999 -9999 -9999 5136 31926 15312 18013 9901 -9999 -9999 -9999 -9999 3260 7430 12270 13434 12305 5428 3058 2710 639 213 113 108 -9999 -9999 -9999 -9999 -9999 -9999 -9999 
-9999 -9999 -9999 -9999 -9999 -9999 -9999 -9999 -9999 -9999 -9999 -9999 -9999 -9999 -9999 9452 10700 10595 25145 23594 5437 18281 14226 -9999 -9999 -9999 7090 8039 8656 11771 11802 13266 10910 1833 5661 1808 417 155 115 150 108 -9999 -9999 -9999 -9999 -9999 
-9999 -9999 -9999 -9999 -9999 -9999 -9999 -9999 -9999 -9999 -9999 -9999 -9999 -9999 9502 17844 25165 20937 25271 18989 3799 16709 12175 -9999 9277 17031 13757 10531 6299 9744 10875 13720 8391 962 5795 1790 822 201 152 210 82 99 -9999 -9999 -9999 -9999 
-9999 -9999 -9999 -9999 -9999 -9999 -9999 -9999 -9999 -9999 -9999 12469 787 821 7106 23828 23209 56224 22896 14650 14094 17936 13143 10677 19041 19925 14535 13087 6691 8775 9597 9055 853 416 2856 325 164 128 149 196 115 93 -9999 -9999 -9999 -9999 
-9999 -9999 -9999 -9999 -9999 -9999 -9999 -9999 -9999 -9999 -9999 25434 12889 5886 16372 28461 18117 24280 27605 22224 20626 14849 14224 10369 14190 18760 25717 12669 9160 8544 12763 10755 4380 3082 1330 344 232 196 177 460 334 178 76 -9999 -9999 -9999 
-9999 -9999 -9999 -9999 -9999 -9999 -9999 -9999 -9999 -9999 19658 21564 27374 21968 26372 18852 14687 19289 20236 18051 19560 15637 15224 17272 18632 18732 27158 29778 10311 7923 11088 11373 9419 7330 6207 2633 2282 624 217 226 322 168 168 -9999 -9999 -9999 
-9999 -9999 -9999 -9999 -9999 -9999 -9999 -9999 -9999 15182 22284 24431 25515 18467 22741 20706 17498 18546 17258 14704 19168 16017 14854 18121 19456 16835 14973 12741 13933 10237 8867 8085 9031 9527 8076 7387 2393 833 119 95 133 111 144 144 -9999 -9999 
-9999 -9999 -9999 -9999 -9999 -9999 -9999 -9999 -9999 50309 32698 15105 6404 6979 19089 19248 14555 19909 15799 14246 14134 13262 15914 16537 17332 11730 12459 11086 12099 11519 8836 11159 11294 8819 11003 9665 2438 589 102 62 127 62 123 117 -9999 -9999 
-9999 -9999 -9999 -9999 -9999 -9999 -9999 -9999 -9999 31790 25200 19179 2708 2850 13234 21249 18150 18718 11334 11862 8587 11529 14875 15597 13768 10970 12028 9440 11134 13733 9519 13890 13171 11351 8324 8430 6000 1241 432 151 115 126 98 106 -9999 -9999 
-9999 -9999 -9999 -9999 -9999 -9999 -9999 -9999 -9999 21987 20453 8647 1048 4103 11729 17361 20125 14876 14906 9466 7525 8744 11627 11703 9871 10678 17223 12297 10353 12019 11708 14030 12906 11796 15463 12786 7695 2032 2686 260 176 149 129 131 -9999 -9999 
-9999 -9999 -9999 -9999 -9999 -9999 -9999 -9999 -9999 -9999 16864 6573 6819 4568 16577 16485 17001 16044 14706 9576 11776 10410 13632 11970 9688 11046 18246 12198 10558 9794 11629 10594 10987 11883 11313 9628 13197 6102 4637 252 458 195 76 12 -9999 -9999 
-9999 -9999 -9999 -9999 -9999 -9999 -9999 -9999 -9999 -9999 20446 18862 8417 6537 12645 12912 13816 15453 11996 8994 10740 9931 9398 13982 11758 13382 18912 12093 9043 8350 11539 9908 8556 8805 8509 9561 9780 6460 4267 595 205 253 55 11 -9999 -9999 
-9999 -9999 -9999 -9999 -9999 -9999 -9999 -9999 -9999 9443 14435 17337 9542 12035 10605 12748 14917 15556 12409 11213 9976 14610 13883 21654 13896 11302 82154 49443 24696 8341 10391 9264 8820 10707 12943 25328 17373 8208 7835 5007 3155 127 127 -9999 -9999 -9999 
-9999 -9999 -9999 -9999 -9999 -9999 -9999 -9999 -9999 -9999 6959 12616 9486 12638 7263 12647 13778 13902 12438 9900 12580 12276 12582 17971 17431 15425 247447 182179 80264 26174 20017 8428 8073 9061 11087 20509 10511 10065 5447 5686 2812 584 2424 268 -9999 -9999 
-9999 -9999 -9999 -9999 -9999 -9999 -9999 -9999 -9999 -9999 -9999 13877 8965 9928 4030 10815 12353 11288 12833 9856 15324 12613 12510 14497 9695 8059 20803 27837 11853 14564 13810 10467 9840 8088 6449 9044 7494 12533 7160 6832 3323 2251 1332 600 -9999 -9999 
-9999 -9999 -9999 -9999 -9999 -9999 -9999 -9999 -9999 -9999 -9999 8893 21855 10210 11516 10216 11218 10608 13069 22267 31162 17355 12775 10466 10608 5874 7481 7723 6265 6419 8984 9685 8658 9666 10206 8025 9890 10486 6302 6193 6456 3331 750 1104 688 -9999 
-9999 -9999 -9999 -9999 -9999 -9999 -9999 -9999 -9999 8359 9007 10799 14849 12492 9741 9427 10314 11343 9928 30384 26209 13415 13060 9027 14012 5975 4864 3463 8895 8769 7826 8838 8907 7008 9453 8886 8178 12109 7926 8634 10904 7390 4616 3635 2432 -9999 
-9999 -9999 -9999 -9999 -9999 -9999 -9999 -9999 -9999 11596 21195 14171 7303 8372 11656 11040 9740 12539 11660 16991 15539 11874 11821 9548 10030 4967 3648 11223 5707 8982 8975 4623 4359 6628 11931 9136 9652 19420 12383 5916 5456 5717 4289 4399 2777 -9999 
-9999 -9999 -9999 -9999 -9999 -9999 -9999 -9999 9120 11095 3700 9854 10080 8686 8340 10637 9375 11128 11044 12283 15403 12817 8727 12448 9966 8905 7051 5630 10704 14232 9724 3793 7325 8079 7571 8919 9420 11662 10880 6708 4734 3442 4758 7827 -9999 -9999 
-9999 -9999 -9999 -9999 -9999 -9999 -9999 8260 12249 8104 8263 11249 10457 6989 8110 7564 9563 14333 12280 13072 25240 12850 10463 10021 9872 9289 9996 8988 5170 5736 8136 4128 4469 8028 10892 5979 7780 9967 10505 8988 6492 4515 4181 8893 -9999 -9999 
-9999 -9999 -9999 -9999 -9999 -9999 5404 16132 18313 5175 3480 12810 10630 7591 5967 8016 8625 9895 11216 12063 15286 13012 9934 12611 8340 10355 11296 10254 5240 170 3402 6126 4364 7320 8081 6131 6932 8485 12554 9191 10502 8095 8930 4536 -9999 -9999 
-9999 -9999 -9999 16501 -9999 13237 19659 13410 20262 2213 271 4407 15378 10040 8383 6288 7929 8235 10126 11549 17404 10128 8348 10766 6197 11633 13001 10680 6229 967 3831 2603 912 2072 -9999 3256 11118 9379 9245 6286 5673 8151 8255 6265 -9999 -9999 
-9999 -9999 -9999 24149 -9999 14485 12134 10725 6954 615 176 4042 15690 7753 5411 8085 8723 8034 8376 26029 12369 8219 7402 9623 -9999 -9999 3893 9330 5014 289 -9999 2612 13 -9999 -9999 -9999 6856 8819 7663 7647 3734 -9999 8795 -9999 -9999 -9999 
-9999 25591 22756 19093 12481 7203 5785 11075 5725 383 286 2548 13757 10485 7202 9464 10833 11749 10097 6827 9849 7493 8397 8808 3035 -9999 -9999 4017 6845 1143 -9999 -9999 -9999 -9999 -9999 -9999 -9999 2368 1061 -9999 -9999 -9999 -9999 -9999 -9999 -9999 
-9999 32932 15682 12998 4233 2356 289 3703 82 565 670 1948 9925 15387 11467 18916 17319 12824 12114 13075 11982 10233 9503 10686 6581 -9999 -9999 -9999 -9999 -9999 -9999 -9999 -9999 -9999 -9999 -9999 -9999 -9999 -9999 -9999 -9999 -9999 -9999 -9999 -9999 -9999 
-9999 15204 12498 22436 10200 291 314 307 294 355 632 937 8938 16797 12692 12333 15675 14707 15218 12317 12719 11072 11900 9101 -9999 -9999 -9999 -9999 -9999 -9999 -9999 -9999 -9999 -9999 -9999 -9999 -9999 -9999 -9999 -9999 -9999 -9999 -9999 -9999 -9999 -9999 
8246 11439 14654 25382 16997 5299 2342 377 349 365 752 717 2960 12282 10442 8142 8183 9648 14419 20015 22156 10368 10655 5516 -9999 -9999 -9999 -9999 -9999 -9999 -9999 -9999 -9999 -9999 -9999 -9999 -9999 -9999 -9999 -9999 -9999 -9999 -9999 -9999 -9999 -9999 
-9999 14759 18058 19607 10715 4427 5425 10546 3234 515 670 546 2229 11666 9984 6429 4199 8407 15713 42584 22143 12139 9321 6602 -9999 -9999 -9999 -9999 -9999 -9999 -9999 -9999 -9999 -9999 -9999 -9999 -9999 -9999 -9999 -9999 -9999 -9999 -9999 -9999 -9999 -9999 
-9999 17409 19804 18007 -9999 -9999 -9999 -9999 -9999 -9999 577 523 5915 9515 5168 7089 8645 10572 10277 32276 16394 7409 10487 5908 -9999 -9999 -9999 -9999 -9999 -9999 -9999 -9999 -9999 -9999 -9999 -9999 -9999 -9999 -9999 -9999 -9999 -9999 -9999 -9999 -9999 -9999 
-9999 -9999 5463 27934 -9999 -9999 -9999 -9999 -9999 -9999 147 665 8206 11445 5139 7829 9370 9891 11029 15476 13570 9516 15791 4683 -9999 -9999 -9999 -9999 -9999 -9999 -9999 -9999 -9999 -9999 -9999 -9999 -9999 -9999 -9999 -9999 -9999 -9999 -9999 -9999 -9999 -9999 
-9999 -9999 -9999 -9999 -9999 -9999 -9999 -9999 -9999 -9999 -9999 813 5749 11780 5885 9390 9813 12190 9757 14560 12034 14098 15976 -9999 -9999 -9999 -9999 -9999 -9999 -9999 -9999 -9999 -9999 -9999 -9999 -9999 -9999 -9999 -9999 -9999 -9999 -9999 -9999 -9999 -9999 -9999 
-9999 -9999 -9999 -9999 -9999 -9999 -9999 -9999 -9999 -9999 -9999 557 3806 12058 10307 10513 15704 11262 12354 17320 -9999 4918 -9999 -9999 -9999 -9999 -9999 -9999 -9999 -9999 -9999 -9999 -9999 -9999 -9999 -9999 -9999 -9999 -9999 -9999 -9999 -9999 -9999 -9999 -9999 -9999 
-9999 -9999 -9999 -9999 -9999 -9999 -9999 -9999 -9999 -9999 -9999 267 140 -9999 6826 -9999 -9999 -9999 -9999 -9999 -9999 -9999 -9999 -9999 -9999 -9999 -9999 -9999 -9999 -9999 -9999 -9999 -9999 -9999 -9999 -9999 -9999 -9999 -9999 -9999 -9999 -9999 -9999 -9999 -9999 -9999 
